SARSAT 7 (NOAA 15)      
1 25338U 98030A   16074.55045209  .00000066  00000-0  46662-4 0  9999
2 25338  98.7834  78.5115 0011750 100.1060 260.1445 14.25709775927503
GPS BIIR-07             
1 26690U 01004A   16074.46721082 -.00000019  00000-0  00000+0 0  9996
2 26690  52.9990 177.0381 0170376 251.0815 150.9937  2.00563500110795
METEOSAT-8 (MSG-1)      
1 27509U 02040B   16074.15975662 -.00000004  00000-0  00000+0 0  9992
2 27509   4.0339  60.0985 0001554 244.2343 289.1222  1.00277626 49672
GPS BIIR-08             
1 27663U 03005A   16074.14535811 -.00000081  00000-0  00000+0 0  9997
2 27663  56.7739   2.7857 0085845  18.1055 245.0680  2.00558296 96155
INSAT 3A                
1 27714U 03013A   16074.02311591 -.00000285  00000-0  00000+0 0  9993
2 27714   0.0221 227.0631 0004480 183.8061 222.9876  1.00272998 47377
GPS BIIR-11             
1 28190U 04009A   16074.14656314 -.00000018  00000-0  00000+0 0  9990
2 28190  55.7344  64.1731 0106045  40.4860  10.7977  2.00571495 87829
GPS BIIR-12             
1 28361U 04023A   16074.23847020  .00000031  00000-0  00000+0 0  9996
2 28361  54.2299 238.7233 0107145 211.7631 182.1174  2.00558631 85917
GPS BIIR-13             
1 28474U 04045A   16074.20292613 -.00000015  00000-0  00000+0 0  9997
2 28474  54.0110 116.6169 0157256 237.2967 134.2135  2.00555544 83279
SARSAT 10 (NOAA 18)     
1 28654U 05018A   16074.55339314  .00000021  00000-0  36934-4 0  9992
2 28654  99.1982  79.0219 0013328 280.9892  78.9779 14.12273347557376
GPS BIIR-14M            
1 28874U 05038A   16074.29216170 -.00000020  00000-0  00000+0 0  9993
2 28874  55.9016  61.3614 0112154 249.2870 295.1115  2.00565947 76672
MSG-2                   
1 28912U 05049B   16075.18294948  .00000033  00000-0  00000+0 0  9999
2 28912   1.3214  66.6882 0002186 268.9022 272.9348  1.00265570 37514
GOES 13                 
1 29155U 06018A   16073.73054915 -.00000278  00000-0  00000+0 0  9995
2 29155   0.3914 269.1834 0005550 137.8235 313.0157  1.00276300 35948
SARSAT 11 (METOP-A)     
1 29499U 06044A   16074.86839617  .00000038  00000-0  37557-4 0  9995
2 29499  98.7075 135.1800 0002188  77.2110 342.3352 14.21480500487888
GPS BIIR-16M            
1 29601U 06052A   16074.08942372 -.00000082  00000-0  00000+0 0  9994
2 29601  56.7442   1.7130 0058274  37.6964 322.7213  2.00552905 68306
GPS BIIR-17M            
1 32260U 07047A   16072.91805633  .00000027  00000-0  00000+0 0  9990
2 32260  53.3595 235.5320 0079924  25.9089 334.4509  2.00576758 61666
GPS BIIR-18M            
1 32384U 07062A   16074.30381280 -.00000019  00000-0  00000+0 0  9998
2 32384  55.9557  61.9138 0011952 322.1154  97.7819  2.00572190 60421
SARSAT 12 (NOAA 19)     
1 33591U 09005A   16074.49297617  .00000123  00000-0  91611-4 0  9996
2 33591  99.0291  30.5472 0014806 123.2249 237.0344 14.12050476365777
GOES 14                 
1 35491U 09033A   16073.81331570 -.00000118  00000-0  00000+0 0  9992
2 35491   0.0605 114.8731 0003361 120.9043 124.1678  1.00272074 24583
GOES 15                 
1 36411U 10008A   16073.89643585  .00000058  00000-0  00000+0 0  9991
2 36411   0.0230 195.2250 0001105  68.8941  95.8452  1.00283560 22113
ELEKTRO-L 1             
1 37344U 11001A   16074.09033501 -.00000125  00000-0  00000+0 0  9991
2 37344   1.5172  79.6908 0004965 169.6128  31.3896  1.00271983 18892
GLONASS-K 1             
1 37372U 11009A   16075.45704914  .00000027  00000-0  00000+0 0  9994
2 37372  65.1844  80.1695 0009185 244.7697 186.5800  2.13102969 39275
GPS BIIF-2              
1 37753U 11036A   16074.57383745 -.00000014  00000-0  00000+0 0  9991
2 37753  55.2289 119.1181 0050563  23.6321  20.0390  2.00566118 34129
LUCH 5A                 
1 37951U 11074B   16075.51302807 -.00000077  00000-0  00000+0 0  9997
2 37951   1.8374 220.5147 0003037 144.0344 160.6403  1.00270828 15626
MSG-3                   
1 38552U 12035B   16073.52282755 -.00000030  00000-0  00000+0 0  9990
2 38552   0.5970  86.9608 0001763 188.2498  84.7475  1.00264259 13648
SARSAT 13 (METOP-B)     
1 38771U 12049A   16075.18765564  .00000042  00000-0  38945-4 0  9992
2 38771  98.6585 135.6006 0001803 109.1614 315.9682 14.21509317181067
GPS BIIF-3              
1 38833U 12053A   16074.00317076 -.00000028  00000-0  00000+0 0  9998
2 38833  54.4499 297.5224 0042632  19.4568 340.7442  2.00568478 25194
GSAT0103 (GALILEO-FM3)  
1 38857U 12055A   16074.96101224 -.00000006  00000-0  00000+0 0  9993
2 38857  54.9474 204.7621 0003049 207.3582 152.5872  1.70473543 21301
GSAT0104 (GALILEO-FM4)  
1 38858U 12055B   16072.54915188  .00000006  00000-0  00000+0 0  9997
2 38858  54.9485 204.8279 0002146 192.3167 167.6343  1.70473564 21205
GPS BIIF-4              
1 39166U 13023A   16074.36106533 -.00000023  00000-0  00000+0 0  9994
2 39166  55.6120  58.5243 0033275   8.2925 351.7627  2.00568129 20713
INSAT-3D                
1 39216U 13038B   16073.29596213 -.00000182  00000-0  00000+0 0  9991
2 39216   0.0162 172.2835 0001046 149.5581  38.1287  1.00271841  9725
GPS BIIF-5              
1 39533U 14008A   16073.86110077 -.00000036  00000-0  00000+0 0  9992
2 39533  54.6038 302.7475 0017624 178.3036 181.7445  2.00568800 15080
LUCH 5V                 
1 39727U 14023A   16074.97317684 -.00000299  00000-0  00000+0 0  9991
2 39727   3.5768 300.1773 0002688  48.3311 269.4544  1.00274705524959
GPS BIIF-6              
1 39741U 14026A   16074.13759904 -.00000012  00000-0  00000+0 0  9996
2 39741  55.2198 118.6516 0006085 263.5005  96.4969  2.00565780 13363
GPS BIIF-7              
1 40105U 14045A   16074.23142648  .00000033  00000-0  00000+0 0  9997
2 40105  54.7482 238.3837 0004571 125.2087 234.8031  2.00569484 11818
GSAT0201                
1 40128U 14050A   16074.28574739 -.00000040  00000-0  00000+0 0  9992
2 40128  50.0223  63.6640 1583932  47.1156 325.1491  1.85519611 10743
GSAT0202                
1 40129U 14050B   16073.47692876 -.00000042  00000-0  00000+0 0  9998
2 40129  50.0787  62.6760 1584043  48.2189 324.2804  1.85520175 10928
GPS BIIF-8              
1 40294U 14068A   16074.10130886 -.00000010  00000-0  00000+0 0  9994
2 40294  54.9624 178.7941 0003810 230.2240 129.7522  2.00554706 10034
GLONASS-K 2             
1 40315U 14075A   16074.81159282 -.00000048  00000-0  00000+0 0  9996
2 40315  64.6625 321.3959 0016384 239.5227 178.7796  2.13101494 10021
GPS BIIF-9              
1 40534U 15013A   16073.74222863 -.00000083  00000-0  00000+0 0  9998
2 40534  55.0416 358.4214 0009688 345.9312  14.0575  2.00557808  7097
GSAT0203                
1 40544U 15017A   16073.52820758 -.00000003  00000-0  00000-0 0  9999
2 40544  55.2739  84.9987 0004568 251.7228 108.2603  1.70475460  5318
GSAT0204                
1 40545U 15017B   16074.48489057 -.00000003  00000-0  00000+0 0  9998
2 40545  55.2812  84.9806 0002363 237.5985 122.4105  1.70475686  5993
GPS BIIF-10             
1 40730U 15033A   16073.89972147 -.00000026  00000-0  00000+0 0  9998
2 40730  55.1484  58.4221 0020514 284.5690  75.2040  2.00565061  4851
GSAT 0205               
1 40889U 15045A   16074.71961524 -.00000065  00000-0  00000+0 0  9998
2 40889  57.3069 324.6131 0005178 352.6731   7.3641  1.70474291  3143
GSAT 0206               
1 40890U 15045B   16074.35301959 -.00000063  00000-0  00000+0 0  9998
2 40890  57.3130 324.6172 0003067 352.1125   7.9298  1.70474502  3167
GPS BIIF-11             
1 41019U 15062A   16073.45466173 -.00000002  00000-0  00000+0 0  9994
2 41019  54.9778 178.5854 0012628 205.4082 154.5405  2.00562070  2665
GPS BIIF-12             
1 41328U 16007A   16073.04911578  .00000032  00000-0  00000+0 0  9998
2 41328  55.0069 238.4871 0002738 281.2102  78.7233  2.00574839   721
