PROBA-1                 
1 26958U 01049B   16075.55307274  .00001005  00000-0  92747-4 0  9995
2 26958  97.5046  54.6467 0075619  66.4245 294.4897 14.94639688783009
BIRD 2                  
1 26959U 01049C   16075.43513058  .00006096  00000-0  20098-3 0  9996
2 26959  97.7599 353.3585 0009690 193.8032 166.2945 15.31808686796035
CUTE-1 (CO-55)          
1 27844U 03031E   16074.88080495  .00000145  00000-0  85755-4 0  9996
2 27844  98.6950  84.5143 0008812 231.3865 128.6524 14.21925804659044
CUBESAT XI-IV (CO-57)   
1 27848U 03031J   16074.96958333  .00000124  00000-0  76400-4 0  9998
2 27848  98.7046  84.6474 0008654 239.7435 120.2886 14.21555347658951
GENESIS 1               
1 29252U 06029A   16075.22175611  .00002460  00000-0  13664-3 0  9996
2 29252  64.5081 343.4318 0038660 237.4044 287.5390 15.15749890532248
FALCONSAT-3             
1 30776U 07006E   16075.15045406  .00007575  00000-0  26780-3 0  9990
2 30776  35.4382  91.2338 0001809 211.7277 148.3339 15.28527896497881
GENESIS 2               
1 31789U 07028A   16075.34275778  .00003199  00000-0  17557-3 0  9997
2 31789  64.5069  19.3806 0052303 279.0705  80.4500 15.15009947479367
APRIZESAT 4             
1 35684U 09041D   16074.78572425  .00000319  00000-0  49946-4 0  9997
2 35684  98.0894   7.4977 0048424 136.2817 276.8301 14.78839791357234
APRIZESAT 3             
1 35686U 09041F   16074.88454010  .00000755  00000-0  87339-4 0  9991
2 35686  98.2366  50.2115 0074908  66.6376 294.2696 14.86792159358938
PROBA-2                 
1 36037U 09059B   16075.50627542  .00000105  00000-0  36467-4 0  9998
2 36037  98.2693 269.8398 0012459 312.7201  47.2945 14.52916777337520
APRIZESAT 5             
1 37792U 11044E   16075.33481367  .00000522  00000-0  83746-4 0  9993
2 37792  98.2723 200.5515 0059866  72.9636 287.8119 14.74922907246223
APRIZESAT 6             
1 37793U 11044F   16075.28257336  .00000477  00000-0  83094-4 0  9990
2 37793  98.2367 190.4441 0048524  91.3506 321.0253 14.72022299245753
TET-1                   
1 38710U 12039D   16075.33741081  .00010743  00000-0  26460-3 0  9996
2 38710  97.4948  10.8677 0003779  80.7393 279.4281 15.40763773203480
STSAT-2C                
1 39068U 13003A   16074.82698631  .00042132 -54085-6  51688-3 0  9996
2 39068  80.2329 328.8159 0477616 107.0266 258.3838 14.85059873163648
PROBA-V                 
1 39159U 13021A   16075.53625970  .00000025  00000-0  30459-4 0  9992
2 39159  98.6373 155.3128 0003073 263.5893  96.4937 14.22915307148374
CUSAT 1                 
1 39266U 13055B   16074.54727936  .00009254  00000-0  26799-3 0  9997
2 39266  80.9881 125.9123 0688132 127.7807 238.7772 14.23085568126473
STPSAT-3                
1 39380U 13064A   16073.79142710  .00005122  00000-0  16992-3 0  9995
2 39380  40.5027 338.7325 0005209 322.6465  37.3985 15.31784568129092
APRIZESAT 7             
1 39416U 13066A   16074.39452729  .00000298  00000-0  42204-4 0  9993
2 39416  97.6980 136.6832 0040546 324.0567  35.7921 14.83491335125050
APRIZESAT 8             
1 39425U 13066K   16075.14851063  .00000277  00000-0  41984-4 0  9992
2 39425  97.6930 133.7284 0051403 328.3927  31.4202 14.80766972124968
BUGSAT-1 (TITA)         
1 40014U 14033E   16075.54544029  .00001026  00000-0  10042-3 0  9991
2 40014  97.9551 348.3721 0033818  46.8850 313.5168 14.94177046 94709
SAUDISAT 4              
1 40016U 14033G   16075.26869970  .00000307  00000-0  52551-4 0  9990
2 40016  97.9178 328.2808 0047817 326.9107  32.9113 14.74980448 93505
TABLETSAT-AURORA        
1 40017U 14033H   16075.29812916  .00001397  00000-0  14233-3 0  9996
2 40017  97.9494 345.7779 0025084  45.9388 314.3894 14.92165416 94536
APRIZESAT 9             
1 40018U 14033J   16075.22816954  .00000250  00000-0  48816-4 0  9998
2 40018  97.9077 322.6094 0071234 337.8166  21.9962 14.69677695 93068
APRIZESAT 10            
1 40019U 14033K   16075.24951431  .00000217  00000-0  45713-4 0  9997
2 40019  97.9027 319.5816 0084241 344.9070  14.9623 14.66759487 92934
AISAT                   
1 40054U 14034B   16075.29797041  .00001746  00000-0  25871-3 0  9997
2 40054  98.1961 162.1923 0014329  78.1021 282.1793 14.76367121 91999
CANX-4                  
1 40055U 14034C   16075.30102281  .00000513  00000-0  85177-4 0  9993
2 40055  98.1965 161.3992 0015680  87.3506 272.9497 14.74383821 91926
CANX-5                  
1 40056U 14034D   16075.23323919  .00000510  00000-0  84680-4 0  9994
2 40056  98.1964 161.3298 0015700  87.8501 272.4504 14.74384411 91928
TDS 1                   
1 40076U 14037H   16075.50404084  .00000376  00000-0  55655-4 0  9992
2 40076  98.3254 162.9069 0007209 103.3343 256.8674 14.81150927 91127
TIANTUO 2               
1 40144U 14053B   16075.37577882  .00003156  00000-0  10512-3 0  9999
2 40144  97.3567 155.4486 0014071 105.7765 314.0404 15.31774139 84727
