GOES 3                  
1 10953U 78062A   16073.32259296 -.00000141  00000-0  00000+0 0  9992
2 10953  13.9290 336.1959 0002403 183.9108  24.4763  1.00278616 91343
TDRS 3                  
1 19548U 88091B   16075.37430779 -.00000318  00000-0  00000+0 0  9994
2 19548  14.7742  13.0325 0038636 307.5365 285.0882  1.00266119 87805
SKYNET 4C               
1 20776U 90079A   16074.58179592 -.00000055  00000-0  00000+0 0  9991
2 20776  13.5650  20.8469 0003259 329.6642  30.3108  1.00274265 93378
TDRS 5                  
1 21639U 91054B   16075.20370373  .00000069  00000-0  00000+0 0  9998
2 21639  14.0214  26.4126 0026508 326.1473  86.4128  1.00279133 90142
TDRS 6                  
1 22314U 93003B   16075.17120161 -.00000311  00000-0  00000+0 0  9990
2 22314  13.5117  29.2736 0006994 296.0865 223.4190  1.00279772 84812
INTELSAT 701 (IS-701)   
1 22871U 93066A   16074.36439751 -.00000242  00000-0  00000+0 0  9998
2 22871   3.3215  69.5160 0003303 289.2514 275.2981  1.00272354 81785
NATO 4B                 
1 22921U 93076A   16072.02580589  .00000117  00000-0  00000+0 0  9992
2 22921  11.8978  27.6224 0004213 309.4994 234.8602  1.00271715 81506
INTELSAT 702 (IS-702)   
1 23124U 94034A   16074.61795549  .00000125  00000-0  00000+0 0  9993
2 23124   3.6682  67.7552 0001302 223.6296 136.6328  1.00269481 93818
OPTUS B3                
1 23227U 94055A   16074.65140069 -.00000105  00000-0  00000+0 0  9994
2 23227   6.6612  53.6885 0004903 286.0762 231.6053  1.00272906 78878
ASTRA 1D                
1 23331U 94070A   16074.36167095 -.00000309  00000-0  00000+0 0  9999
2 23331   6.8408  52.8165 0003882 293.4205 269.0549  1.00272011 78591
BRASILSAT B2            
1 23536U 95016A   16075.31435873 -.00000312  00000-0  00000+0 0  9999
2 23536   6.4659  54.6090 0002255 315.8834 212.8120  1.00272005 76759
AMSC 1                  
1 23553U 95019A   16073.93193789 -.00000134  00000-0  00000+0 0  9996
2 23553   9.4658  44.1349 0003763 321.7974  38.2169  1.00272711 76596
TDRS 7                  
1 23613U 95035B   16075.02413067 -.00000215  00000-0  00000+0 0  9997
2 23613  14.7376  20.1136 0023246  16.7574 229.4775  1.00267384 75587
ECHOSTAR 1              
1 23754U 95073A   16075.37012836 -.00000271  00000-0  00000+0 0  9994
2 23754   0.0188 175.2239 0002785 193.0815 221.1576  1.00271035 73887
INMARSAT 3-F1           
1 23839U 96020A   16074.08865523 -.00000017  00000-0  00000+0 0  9995
2 23839   3.1073  69.6723 0006213 282.0318 276.8304  1.00270633 73046
ASTRA 1F                
1 23842U 96021A   16075.04171808  .00000110  00000-0  00000+0 0  9996
2 23842   0.0761 304.3882 0003745  49.4562 238.5179  1.00271954 72768
MSAT M1                 
1 23846U 96022A   16074.96381257 -.00000106  00000-0  00000+0 0  9998
2 23846   7.0337  52.4136 0005946 305.6557  54.3788  1.00272500 72877
PALAPA C2               
1 23864U 96030A   16075.49287493 -.00000266  00000-0  00000+0 0  9990
2 23864   4.7313  61.9516 0001075 291.7489 143.2644  1.00270331 72622
INMARSAT 3-F2           
1 24307U 96053A   16075.37003369 -.00000153  00000-0  00000+0 0  9998
2 24307   1.6982  80.0240 0006617 265.2815 305.7844  1.00271436 71460
AMC-1 (GE-1)            
1 24315U 96054A   16074.87845174  .00000031  00000-0  00000+0 0  9994
2 24315   0.6206  87.3902 0003046 270.7264   1.8582  1.00271918 71462
AFRICASAT-2 (MEASAT-2)  
1 24653U 96063B   16074.77785249 -.00000249  00000-0  00000+0 0  9996
2 24653   6.7592  53.2549 0006878 178.0139   9.5783  1.00272980 70780
EUTELSAT 48A            
1 24665U 96067A   16075.09449362  .00000090  00000-0  00000+0 0  9995
2 24665   5.5791  58.2795 0005548 291.4903 265.6359  1.00274355 71111
INMARSAT 3-F3           
1 24674U 96070A   16074.76564839  .00000010  00000-0  00000+0 0  9991
2 24674   2.5305  74.0322 0005882 282.9004 269.5619  1.00272626 70399
AMC-2 (GE-2)            
1 24713U 97002A   16074.55647868 -.00000255  00000-0  00000+0 0  9994
2 24713   3.4767  68.4207 0005002 284.8342 298.8168  1.00272411 20755
INTELSAT 26 (IS-26)     
1 24732U 97007A   16074.96971606 -.00000002  00000-0  00000+0 0  9995
2 24732   6.7292  53.5318 0003654 319.2135 211.5414  1.00273839 69717
GALAXY 25 (G-25)        
1 24812U 97026A   16073.78126868 -.00000190  00000-0  00000+0 0  9994
2 24812   0.0216 244.7044 0003075 104.9139  10.3522  1.00272976 68781
INMARSAT 3-F4           
1 24819U 97027A   16074.39194432 -.00000315  00000-0  00000+0 0  9991
2 24819   4.9567  60.2775 0005080 294.9191 264.0480  1.00273683 68785
ABS-3                   
1 24901U 97042A   16075.10888447 -.00000071  00000-0  00000+0 0  9995
2 24901   4.0411  66.0298 0006929 286.8877 212.6780  1.00355102 67962
INTELSAT 5 (IS-5)       
1 24916U 97046A   16075.28744361 -.00000168  00000-0  00000+0 0  9997
2 24916   2.6493  73.4204 0003733 289.2872  71.0750  1.00272496 68052
METEOSAT-7              
1 24932U 97049B   16073.47871845  .00000031  00000-0  00000-0 0  9994
2 24932  10.0710  41.5826 0001935 296.4841  63.5290  1.00270360 67837
AMC-3 (GE-3)            
1 24936U 97050A   16075.23402488 -.00000302  00000-0  10000-3 0  9995
2 24936   0.0359 317.1611 0002023 346.5613 246.7483  1.00270228 67883
NSS-5                   
1 24957U 97053A   16074.09803853  .00000083  00000-0  00000+0 0  9995
2 24957   2.9489  71.6733 0003514 281.5261 264.6878  1.00273239 67669
ECHOSTAR 3              
1 25004U 97059A   16073.92476337 -.00000309  00000-0  00000-0 0  9992
2 25004   1.2127  82.0766 0001623 303.5261  57.4439  1.00269028 67482
JCSAT-1B                
1 25067U 97075A   16074.82816637 -.00000232  00000-0  00000+0 0  9994
2 25067   4.7462  61.8167 0004911 257.4892 301.6739  1.00270914 66988
ASTRA 1G                
1 25071U 97076A   16075.01307142 -.00000003  00000-0  00000+0 0  9994
2 25071   1.3925  79.7096 0003375 267.1954 253.6208  1.00271289 66971
BRASILSAT B3            
1 25152U 98006A   16074.97236327 -.00000199  00000-0  00000+0 0  9994
2 25152   3.1564  70.8578 0003213 288.4139  71.8795  1.00271370 66364
INMARSAT 3-F5           
1 25153U 98006B   16074.37059207 -.00000314  00000-0  00000+0 0  9998
2 25153   1.6655  74.3832 0005428 283.3800 254.0494  1.00271053 66325
NSS-806                 
1 25239U 98014A   16074.37176729 -.00000307  00000-0  00000+0 0  9993
2 25239   0.0564 357.5208 0004467 354.2747 266.9366  1.00270346 66082
CHINASAT 5A (ZX 5A)     
1 25354U 98033A   16074.89267295 -.00000206  00000-0  00000+0 0  9996
2 25354   0.2866  89.4988 0002373 183.4278  10.0432  1.00445405 69678
THOR III                
1 25358U 98035A   16073.70751588 -.00000066  00000-0  00000+0 0  9998
2 25358   4.6248  61.9742 0002570 280.3813  79.7919  1.00272165 65138
INTELSAT 805 (IS-805)   
1 25371U 98037A   16075.38876742 -.00000061  00000-0  00000+0 0  9996
2 25371   0.0406 298.5569 0003571  19.8645 163.9265  1.00272358 65004
ASTRA 2A                
1 25462U 98050A   16075.18257226  .00000120  00000-0  00000+0 0  9995
2 25462   0.0798 250.1386 0001334 189.7426 187.0047  1.00270930 64175
INTELSAT 7 (IS-7)       
1 25473U 98052A   16075.21562911 -.00000186  00000-0  00000+0 0  9996
2 25473   2.3060  76.2742 0002625  98.9245 261.5898  0.98212779 64086
AFRISTAR                
1 25515U 98063A   16075.23678241  .00000097  00000-0  00000+0 0  9991
2 25515   2.4135  70.8094 0004538 286.6355 282.0275  1.00271954 63563
INTELSAT 8 (IS-8)       
1 25522U 98065A   16073.63843009 -.00000058  00000-0  00000+0 0  9997
2 25522   0.0648  87.7347 0003288 284.2373 198.5279  1.00272641 63544
EUTELSAT 115 WEST A     
1 25558U 98070A   16074.98815720 -.00000197  00000-0  00000+0 0  9994
2 25558   2.2464  76.1362 0005178 309.6833  50.7603  1.00272645 63482
JCSAT-4A                
1 25630U 99006A   16075.04254387 -.00000186  00000-0  00000+0 0  9997
2 25630   1.3580  82.2931 0001772 264.7756 283.2377  1.00281651 62435
SKYNET 4E               
1 25639U 99009B   16075.05682473  .00000002  00000-0  00000+0 0  9997
2 25639   9.6809  32.2949 0002938 315.5721 211.6010  1.00271981 62451
ASIASAT 3S              
1 25657U 99013A   16074.89575251 -.00000226  00000-0  00000+0 0  9997
2 25657   1.5766  80.4403 0003533 242.3396 323.0935  1.00270202 62258
NIMIQ 1                 
1 25740U 99027A   16075.36989966 -.00000228  00000-0  00000+0 0  9992
2 25740   0.0764 275.5413 0005586  76.7642 227.7130  1.00272342 61640
ASTRA 1H                
1 25785U 99033A   16075.08616978 -.00000309  00000-0  00000+0 0  9997
2 25785   2.9350  71.8574 0002822 275.1549 169.4215  1.00271804 61229
TELKOM 1                
1 25880U 99042A   16074.85326683 -.00000373  00000-0  00000+0 0  9999
2 25880   0.0117 182.5788 0001350 183.8092 221.6659  1.00269452 60795
ABS-7                   
1 25894U 99046A   16075.16067258 -.00000391  00000-0  00000+0 0  9993
2 25894   0.0098 185.9183 0002267 157.3242   3.8713  1.00269746 59598
GALAXY 27 (G-27)        
1 25922U 99052A   16074.08776049 -.00000032  00000-0  00000+0 0  9999
2 25922   2.3154  75.3843 0004982 283.0670 271.4536  1.00272302 60311
ABS-6                   
1 25924U 99053A   16074.08016337 -.00000148  00000-0  00000+0 0  9997
2 25924   0.0142 183.2667 0002642 164.3749  12.3519  1.00270732 60304
TELSTAR 12 (ORION 2)    
1 25949U 99059A   16075.16547175 -.00000149  00000-0  00000+0 0  9990
2 25949   0.0357 300.1454 0002967  52.4026 225.1843  1.00271497 59961
AMC-4 (GE-4)            
1 25954U 99060A   16074.49118759 -.00000301  00000-0  10000-3 0  9990
2 25954   0.0418  84.1295 0001242 317.7193 240.4764  1.00270725 59914
GALAXY 11 (G-11)        
1 26038U 99071A   16075.23726067  .00000125  00000-0  00000+0 0  9994
2 26038   0.0720  95.4480 0006889 241.7526 308.7524  1.00515355 59545
HISPASAT 1C             
1 26071U 00007A   16074.49162825 -.00000240  00000-0  00000+0 0  9994
2 26071   0.0496  51.4162 0002485 300.0211 274.2084  1.00270717 59064
SUPERBIRD-B2            
1 26095U 00012A   16074.65325071 -.00000121  00000-0  00000+0 0  9996
2 26095   0.0320 241.8222 0002075 110.7540 217.2786  1.00272429 58869
ASIASTAR                
1 26107U 00016A   16075.03056479 -.00000361  00000-0  00000+0 0  9996
2 26107   0.7352  81.1292 0004310 273.5035 294.4130  1.00269774 58586
EUTELSAT 16C            
1 26243U 00019A   16075.23693376  .00000065  00000-0  00000+0 0  9995
2 26243   3.3980  68.7244 0003315 292.4305 271.9012  1.00274213 58229
EUTELSAT 36A            
1 26369U 00028A   16075.11526727  .00000016  00000-0  00000+0 0  9992
2 26369   0.0943  45.0702 0001761 217.2850   6.4295  1.00535284 57918
TDRS 8                  
1 26388U 00034A   16074.44001131 -.00000251  00000-0  00000+0 0  9994
2 26388   6.7006  60.0125 0004419 238.0024 122.0699  1.00271856 57606
ECHOSTAR 6              
1 26402U 00038A   16075.45075296 -.00000175  00000-0  00000+0 0  9995
2 26402   3.3116  69.5747 0003449 284.4481 245.5008  1.00272196 57351
INTELSAT 9 (IS-9)       
1 26451U 00043A   16075.29393734 -.00000299  00000-0  00000+0 0  9994
2 26451   2.6355  73.6491 0002348 271.6156 250.7591  1.00271676 57287
BRASILSAT B4            
1 26469U 00046A   16074.75332320 -.00000240  00000-0  00000+0 0  9996
2 26469   0.7168  88.1809 0002390 266.8812   4.9119  1.00272887 57070
NILESAT 102             
1 26470U 00046B   16074.16984914 -.00000086  00000-0  00000+0 0  9993
2 26470   0.7303  85.1908 0004635 246.5628 254.5390  1.00272921 57066
ASTRA 2B                
1 26494U 00054A   16075.09411248  .00000125  00000-0  00000+0 0  9999
2 26494   1.2776  80.1547 0004121 282.5726 235.6039  1.00270533 56678
AMC-7 (GE-7)            
1 26495U 00054B   16074.89464067  .00000059  00000-0  00000+0 0  9990
2 26495   0.0278 278.3337 0001730 111.0646 330.5866  1.00267153 56690
NSS-11 (AAP-1)          
1 26554U 00059A   16074.85326891 -.00000374  00000-0  00000+0 0  9990
2 26554   0.0398 319.6569 0001914  62.0775 206.5048  1.00270430 56637
N-SAT-110 (JCSAT-110)   
1 26559U 00060A   16075.00941994 -.00000380  00000-0  00000+0 0  9999
2 26559   0.0110 125.4003 0000546 120.6897  40.3954  1.00270881 56568
AMC-6 (GE-6)            
1 26580U 00067A   16074.25481616 -.00000287  00000-0  00000+0 0  9992
2 26580   0.0443 322.8211 0002687  21.2251 207.9650  1.00272660 56418
INTELSAT 12 (IS-12)     
1 26590U 00068A   16074.15894737  .00000109  00000-0  00000+0 0  9997
2 26590   0.0289 243.6257 0003292 110.9444 279.8263  1.00271649 56223
INTELSAT 1R (IS-1R)     
1 26608U 00072A   16075.16827184 -.00000312  00000-0  00000+0 0  9993
2 26608   0.0421 282.4192 0000731   6.8420 254.5159  1.00273084 56096
ANIK F1                 
1 26624U 00076A   16074.81796021 -.00000103  00000-0  00000+0 0  9999
2 26624   0.0184 158.6689 0000970 204.0687 357.2384  1.00271604 56162
ASTRA 2D                
1 26638U 00081A   16074.56315736  .00000041  00000-0  00000+0 0  9992
2 26638   2.7651  72.1966 0002077 267.9280  92.4367  1.00270446 55824
AMC-8 (GE-8)            
1 26639U 00081B   16075.41655608  .00000074  00000-0  00000+0 0  9999
2 26639   0.0295 291.0579 0002405  63.7258 189.6085  1.00274288 55716
TURKSAT 2A              
1 26666U 01002A   16074.40438907  .00000118  00000-0  00000+0 0  9991
2 26666   0.2176  78.2514 0005188 289.8687 351.8645  1.00273372 55592
SKYNET 4F               
1 26695U 01005B   16075.19478775 -.00000271  00000-0  00000+0 0  9991
2 26695   8.3365  40.0461 0003331 303.9881 225.2780  1.00268955 55318
EUTELSAT 33C            
1 26719U 01011A   16074.22398416  .00000127  00000-0  00000+0 0  9990
2 26719   0.0868 323.5907 0005319  21.3878 300.9826  1.00270126 55002
XM-1 (ROLL)             
1 26761U 01018A   16075.36914499  .00000036  00000-0  00000+0 0  9994
2 26761   0.1109  90.8225 0000813 135.4994 324.8601  0.99108315 54467
INTELSAT 10 (IS-10)     
1 26766U 01019A   16075.09447838  .00000098  00000-0  00000+0 0  9996
2 26766   0.5655  87.1016 0002464 255.8030 271.7197  1.00270097 54360
INTELSAT 901 (IS-901)   
1 26824U 01024A   16074.80104242 -.00000169  00000-0  00000+0 0  9994
2 26824   0.0221  60.8580 0002250 294.4367  87.8903  1.00275364 54035
ASTRA 2C                
1 26853U 01025A   16075.04189407  .00000017  00000-0  00000+0 0  9991
2 26853   0.0639 308.7980 0003031  35.4428 264.1847  1.00272967 54018
ARTEMIS                 
1 26863U 01029A   16075.09387616  .00000088  00000-0  00000+0 0  9991
2 26863  12.2067  37.9840 0004306 307.8508 242.4970  1.00276420 54830
INTELSAT 902 (IS-902)   
1 26900U 01039A   16073.81303127  .00000006  00000-0  00000+0 0  9997
2 26900   0.0016 182.0942 0003368 189.6991 154.7349  1.00272552 53190
EUTELSAT 8 WEST A       
1 26927U 01042A   16074.80201981 -.00000130  00000-0  00000+0 0  9994
2 26927   0.0718 336.9990 0006003  11.2980 100.7380  1.00271266 52969
DIRECTV 4S              
1 26985U 01052A   16075.44410741 -.00000143  00000-0  00000+0 0  9990
2 26985   0.0152 204.6905 0002219 152.4614 234.9687  1.00271964 52436
INSAT-3C                
1 27298U 02002A   16074.08830456 -.00000104  00000-0  00000+0 0  9999
2 27298   0.0166 133.2013 0004271 179.8226 324.8547  1.00271400 51784
ECHOSTAR 7              
1 27378U 02006A   16075.36903828 -.00000030  00000-0  00000+0 0  9996
2 27378   0.0418 309.8803 0001735  84.4309 153.1045  1.00271001 51509
INTELSAT 904 (IS-904)   
1 27380U 02007A   16074.90536502  .00000020  00000-0  00000+0 0  9998
2 27380   0.0375 306.0284 0003269  52.4752 200.3382  1.00272767 51528
TDRS 9                  
1 27389U 02011A   16074.80201981 -.00000123  00000-0  00000+0 0  9996
2 27389   4.3075  85.5942 0020744 234.2647 129.8448  1.00271750 52879
JCSAT-2A                
1 27399U 02015A   16075.48186028 -.00000195  00000-0  00000+0 0  9999
2 27399   0.0320 258.1834 0001624  96.4088 146.3612  1.00272447 51068
ASTRA 3A                
1 27400U 02015B   16074.21103998  .00000043  00000-0  00000+0 0  9998
2 27400   2.9376  71.0108 0001447 250.9942 109.3560  1.00271754 51148
INTELSAT 903 (IS-903)   
1 27403U 02016A   16075.16500675 -.00000268  00000-0  00000+0 0  9990
2 27403   0.0272 132.8437 0003448 239.6692 185.6070  1.00267390 51082
NSS-7                   
1 27414U 02019A   16073.57880192 -.00000182  00000-0  00000+0 0  9998
2 27414   0.9444  85.6118 0002679 272.9534   1.4125  1.00272857 50983
DIRECTV 5 (TEMPO 1)     
1 27426U 02023A   16074.82566840 -.00000085  00000-0  00000+0 0  9998
2 27426   0.0228 178.8094 0003411 169.6734  11.5093  1.00269462 50742
INTELSAT 905 (IS-905)   
1 27438U 02027A   16075.16525068 -.00000214  00000-0  00000+0 0  9994
2 27438   0.0447 269.2928 0002918  64.6287 234.2435  1.00272799 50401
EXPRESS-A4              
1 27441U 02029A   16075.02917929 -.00000387  00000-0  00000+0 0  9997
2 27441   5.2708  59.6191 0002851  54.9304 177.5270  1.00696090 50403
GALAXY 3C (G-3C)        
1 27445U 02030A   16074.78394895 -.00000180  00000-0  00000+0 0  9997
2 27445   0.0136 160.5166 0001583 192.3870   7.0942  1.00272055 50397
EUTELSAT 5 WEST A       
1 27460U 02035A   16074.53448243 -.00000071  00000-0  00000+0 0  9998
2 27460   0.0197 343.2044 0005445   5.6055  11.1781  1.00269098 50185
N-STAR C                
1 27461U 02035B   16074.50932797 -.00000336  00000-0  00000+0 0  9992
2 27461   3.7713  67.5275 0003505 304.1740 120.1565  1.00268649 50109
EUTELSAT 33D            
1 27499U 02038A   16073.43185660  .00000129  00000-0  00000+0 0  9995
2 27499   0.0197 333.6733 0004640  80.7727 305.5972  1.00274458 49648
ECHOSTAR 8              
1 27501U 02039A   16075.37013598 -.00000272  00000-0  00000+0 0  9995
2 27501   0.1365  91.3007 0002964 257.9421 240.4850  1.00271162 49717
EUTELSAT 12 WEST A      
1 27508U 02040A   16073.62314302 -.00000271  00000-0  00000+0 0  9996
2 27508   0.0715 347.6960 0002688  71.4725 300.8350  1.00274620 49679
METEOSAT-8 (MSG-1)      
1 27509U 02040B   16074.15975662 -.00000004  00000-0  00000+0 0  9992
2 27509   4.0339  60.0985 0001554 244.2343 289.1222  1.00277626 49672
INTELSAT 906 (IS-906)   
1 27513U 02041A   16074.14984220 -.00000013  00000-0  00000+0 0  9997
2 27513   0.0203 256.9563 0002962  89.3391 303.9600  1.00271155 49391
KODAMA (DRTS)           
1 27516U 02042B   16074.52793959 -.00000264  00000-0  00000+0 0  9998
2 27516   4.2040  64.8054 0003366 307.8131  80.7473  1.00270972 49483
KALPANA-1 (METSAT 1)    
1 27525U 02043A   16074.47790338 -.00000107  00000-0  00000+0 0  9997
2 27525   5.5679  58.3956 0014275 227.0756 132.9498  1.00272735 49476
HISPASAT 1D             
1 27528U 02044A   16074.36439751 -.00000244  00000-0  00000+0 0  9990
2 27528   0.0494 326.3963 0005681  19.2728 287.9004  1.00272461 49370
TDRS 10                 
1 27566U 02055A   16074.17429311  .00000055  00000-0  00000+0 0  9993
2 27566   4.2277  60.4923 0010785 229.6274 130.4949  1.00268376 48653
NSS-6                   
1 27603U 02057A   16074.87069575 -.00000299  00000-0  00000+0 0  9997
2 27603   0.0112 123.9842 0002411 186.2214 271.1176  1.00273157 48558
NIMIQ 2                 
1 27632U 02062A   16074.44102785 -.00000306  00000-0  00000+0 0  9998
2 27632   1.0451  84.6184 0006360 347.1168  13.9730  1.01232627 48312
INTELSAT 907 (IS-907)   
1 27683U 03007A   16074.59699639 -.00000231  00000-0  00000+0 0  9996
2 27683   0.0211 178.1026 0002987 184.0931 357.8057  1.00270912 47827
INSAT-3A                
1 27714U 03013A   16074.02311591 -.00000285  00000-0  00000+0 0  9993
2 27714   0.0221 227.0631 0004480 183.8061 222.9876  1.00272998 47377
GALAXY 12 (G-12)        
1 27715U 03013B   16074.62713388  .00000030  00000-0  00000+0 0  9997
2 27715   0.0177 223.3946 0001808 127.0566 278.9503  1.00272827 47433
ASIASAT 4               
1 27718U 03014A   16075.59070855 -.00000390  00000-0  00000+0 0  9993
2 27718   0.0096 236.9462 0001563  26.7356 244.6543  1.00268258 47368
HELLAS-SAT 2            
1 27811U 03020A   16075.11564091  .00000123  00000-0  00000+0 0  9995
2 27811   0.0017 177.6235 0003821 174.3450 261.7725  1.00270785 46772
AMC-9 (GE-12)           
1 27820U 03024A   16075.45044547 -.00000246  00000-0  00000+0 0  9992
2 27820   0.0482 287.0700 0002960  77.2410 248.3026  1.00271896 46770
THURAYA-2               
1 27825U 03026A   16074.80828917  .00000106  00000-0  00000+0 0  9992
2 27825   4.5097  27.1673 0004760 315.1701 165.5026  1.00273318 46787
OPTUS C1                
1 27831U 03028B   16074.83109422 -.00000176  00000-0  00000+0 0  9995
2 27831   0.0188 176.1871 0002085 171.6208 280.2385  1.00271618 46757
ECHOSTAR 12 (RAINBOW 1) 
1 27852U 03033A   16075.20167343 -.00000312  00000-0  00000+0 0  9994
2 27852   0.0362 302.1268 0001632  74.0618 168.2682  1.00269777 46425
GALAXY 23 (G-23)        
1 27854U 03034A   16075.16063168 -.00000017  00000-0  00000+0 0  9994
2 27854   0.0176 126.8771 0003484 236.9405 106.2073  1.00273480 46062
EUTELSAT 33A            
1 27948U 03043A   16075.02902054  .00000124  00000-0  00000+0 0  9997
2 27948   1.4540  79.9976 0001067 217.1179 277.2421  1.00269959 45763
GALAXY 13 (HORIZONS-1)  
1 27954U 03044A   16074.62792595  .00000019  00000-0  00000+0 0  9990
2 27954   0.0078  80.5202 0001010 188.0300   3.1264  1.00272215 45592
YAMAL 202               
1 28089U 03053A   16074.15575295  .00000093  00000-0  00000+0 0  9996
2 28089   0.0232 107.5549 0002723 257.4714 272.0877  1.00269680 45106
AMOS-2                  
1 28132U 03059A   16075.24637251 -.00000064  00000-0  00000+0 0  9992
2 28132   0.0460 212.7379 0004263 141.8236 263.3704  1.00273241 44822
EXPRESS-AM22 (SESAT 2)  
1 28134U 03060A   16074.52854536 -.00000165  00000-0  00000+0 0  9995
2 28134   0.0251  84.7157 0001288 332.4021  25.8168  1.00271822 44713
AMC-10 (GE-10)          
1 28154U 04003A   16074.70202600  .00000059  00000-0  00000+0 0  9995
2 28154   0.0380 311.6338 0001943  77.0389 261.7769  1.00273549 44365
ABS-4 (MOBISAT-1)       
1 28184U 04007A   16074.92592919  .00000012  00000-0  00000+0 0  9990
2 28184   0.0233 254.7060 0001697  89.7570 222.7956  1.00273577 44010
EUTELSAT 7A             
1 28187U 04008A   16075.05622286  .00000020  00000-0  00000+0 0  9999
2 28187   0.0654 351.3212 0003643 341.6514 227.3459  1.00283389 44015
DIRECTV 7S              
1 28238U 04016A   16075.36903065 -.00000028  00000-0  00000+0 0  9995
2 28238   0.0514 304.7324 0003121  53.6425 188.7781  1.00271197 43500
AMC-11 (GE-11)          
1 28252U 04017A   16075.24023297  .00000039  00000-0  00000+0 0  9990
2 28252   0.0259 296.6969 0003261  74.1907 117.8550  1.00273470 43147
INTELSAT 10-02          
1 28358U 04022A   16075.04898023 -.00000041  00000-0  00000+0 0  9992
2 28358   0.0199 135.7418 0000762 174.6763 239.2920  1.00271216 43065
APSTAR 5 (TELSTAR 18)   
1 28364U 04024A   16074.83140060 -.00000323  00000-0  00000+0 0  9991
2 28364   0.0292 253.0381 0002709 102.6931 254.4259  1.00271646 42981
ANIK F2                 
1 28378U 04027A   16074.38161230 -.00000078  00000-0  00000+0 0  9998
2 28378   0.0071 101.2965 0000592 138.6562 318.7469  1.00272009 42789
AMAZONAS 1              
1 28393U 04031A   16075.37157440 -.00000315  00000-0  00000+0 0  9992
2 28393   0.8048  85.9105 0001963 266.5664 259.2643  1.00272783 42567
AMC-15                  
1 28446U 04041A   16075.20217759 -.00000118  00000-0  00000+0 0  9995
2 28446   0.0440 326.7260 0002180  18.7395 155.4734  1.00271778 41821
AMC-16                  
1 28472U 04048A   16074.49660072 -.00000234  00000-0  00000+0 0  9990
2 28472   0.0528 297.7369 0002368  56.3295 272.2146  1.00271762 41243
NSS-10 (AMC-12)         
1 28526U 05003A   16074.35746622 -.00000279  00000-0  00000+0 0  9992
2 28526   0.0467 312.4951 0002663  35.8528 275.2600  1.00271549 40741
XTAR-EUR                
1 28542U 05005A   16074.44035131  .00000123  00000-0  00000+0 0  9995
2 28542   0.0739 271.2742 0002638  87.9570   0.7442  1.00272670 40615
XM-3 (RHYTHM)           
1 28626U 05008A   16075.36993016 -.00000235  00000-0  00000+0 0  9993
2 28626   0.0419   2.9938 0000182 304.9568 273.5027  1.00271628 40509
INMARSAT 4-F1           
1 28628U 05009A   16073.14164146 -.00000285  00000-0  00000-0 0  9990
2 28628   2.8120   5.5712 0002807 346.2837  13.7955  1.00271382 40098
EXPRESS-AM2             
1 28629U 05010A   16075.47832029 -.00000166  00000-0  00000+0 0  9990
2 28629   1.4066  81.1730 0000717 295.2606  49.2817  1.00271496 40152
APSTAR 6                
1 28638U 05012A   16074.53548339 -.00000346  00000-0  00000+0 0  9996
2 28638   0.0144 114.6105 0001887 228.4665 156.2526  1.00272508 64847
SPACEWAY 1              
1 28644U 05015A   16075.31688499 -.00000132  00000-0  00000+0 0  9998
2 28644   0.0224 274.8295 0000294 326.4040 303.2486  1.00272467 39956
DIRECTV 8               
1 28659U 05019A   16074.80006786 -.00000144  00000-0  00000+0 0  9997
2 28659   0.0173 118.4875 0003254 229.7407  11.7396  1.00272145 39621
GALAXY 28 (G-28)        
1 28702U 05022A   16075.19358616 -.00000214  00000-0  00000+0 0  9993
2 28702   0.0243 155.9432 0000342 245.3511 112.5766  1.00269910 39265
EXPRESS-AM3             
1 28707U 05023A   16075.41208088 -.00000351  00000-0  00000+0 0  9993
2 28707   0.0246 170.6417 0001076 182.8677  71.2529  1.00273051 39295
THAICOM 4               
1 28786U 05028A   16075.40988609 -.00000392  00000-0  00000+0 0  9993
2 28786   0.0188 151.5406 0002292 194.1083  94.8005  1.00272332 38785
GALAXY 14 (G-14)        
1 28790U 05030A   16075.21222617  .00000007  00000-0  00000+0 0  9992
2 28790   0.0413 313.5519 0002470  35.0945 135.9685  1.00271462 38744
ANIK F1R                
1 28868U 05036A   16075.17039100 -.00000104  00000-0  00000+0 0  9991
2 28868   0.0271  75.4324 0002914 292.8824 118.8892  1.00271882 38591
GALAXY 15 (G-15)        
1 28884U 05041A   16074.63056572  .00000050  00000-0  00000+0 0  9996
2 28884   0.0260 274.2471 0001460  92.8290 259.5822  1.00272497 38059
SYRACUSE 3A             
1 28885U 05041B   16075.09446312  .00000100  00000-0  00000+0 0  9999
2 28885   0.0190 102.8513 0003588 264.7544 246.4675  1.00272032 38168
INMARSAT 4-F2           
1 28899U 05044A   16072.36490265 -.00000012  00000-0  00000+0 0  9993
2 28899   2.4859   5.5643 0002811 355.3612   4.7567  1.00272184 37910
TELKOM 2                
1 28902U 05046A   16074.80253360 -.00000392  00000-0  00000+0 0  9995
2 28902   0.0299 244.6424 0001358  99.0533 236.0192  1.00269231 37675
SPACEWAY 2              
1 28903U 05046B   16075.16621374 -.00000156  00000-0  00000+0 0  9998
2 28903   0.0116  50.4315 0000264 274.9255 168.5698  1.00271363 37934
INSAT-4A                
1 28911U 05049A   16074.29056653 -.00000193  00000-0  00000+0 0  9996
2 28911   0.0151 140.0938 0006162 166.7623  53.0638  1.00271873 37522
METEOSAT-9 (MSG-2)      
1 28912U 05049B   16075.18294948  .00000033  00000-0  00000+0 0  9999
2 28912   1.3214  66.6882 0002186 268.9022 272.9348  1.00265570 37514
EUTELSAT 172A (GE-23)   
1 28924U 05052A   16074.76833765 -.00000035  00000-0  00000+0 0  9998
2 28924   0.0645 358.7066 0005802 352.8352 269.8227  1.00271343 37412
ECHOSTAR 10             
1 28935U 06003A   16074.50814303 -.00000084  00000-0  00000+0 0  9990
2 28935   0.0421 316.9860 0001325  14.2524 274.0144  1.00272224 36942
HIMAWARI-7 (MTSAT-2)    
1 28937U 06004A   16075.48981595 -.00000272  00000-0  00000+0 0  9998
2 28937   0.0314 261.4762 0003921 100.7170 132.6560  1.00273364 36792
SPAINSAT                
1 28945U 06007A   16073.60643732 -.00000243  00000-0  00000+0 0  9998
2 28945   0.0441 242.1660 0002608  65.2592  52.5282  1.00273131 36657
EUTELSAT 9A             
1 28946U 06007B   16074.48737779  .00000080  00000-0  00000+0 0  9999
2 28946   0.0522 252.8633 0002135 104.4277   2.6836  1.00476827 36734
JCSAT-5A                
1 29045U 06010A   16073.86762348 -.00000355  00000-0  00000+0 0  9991
2 29045   0.0355 280.5880 0001735  58.2316 277.4620  1.00271360 36363
ASTRA 1KR               
1 29055U 06012A   16074.73913652  .00000090  00000-0  00000+0 0  9992
2 29055   0.0816 306.1613 0004829  16.2678 135.5964  1.00270087 36176
GOES 13                 
1 29155U 06018A   16073.73054915 -.00000278  00000-0  00000+0 0  9995
2 29155   0.3914 269.1834 0005550 137.8235 313.0157  1.00276300 35948
EUTELSAT 113 WEST A     
1 29162U 06020A   16073.83643024 -.00000064  00000-0  00000+0 0  9995
2 29162   0.0271 296.0205 0002867  65.9885 357.9690  1.00271636 35890
THAICOM 5               
1 29163U 06020B   16075.02801853 -.00000150  00000-0  00000+0 0  9991
2 29163   0.0177 207.7957 0006031 116.3403 297.4890  1.00272294 35962
GALAXY 16 (G-16)        
1 29236U 06023A   16075.16621407 -.00000156  00000-0  00000+0 0  9991
2 29236   0.0242 210.3686 0002659 138.4951 145.1381  1.00271688 35702
EUTELSAT HOT BIRD 13B   
1 29270U 06032A   16074.89437098  .00000058  00000-0  00000+0 0  9999
2 29270   0.0795 327.8154 0005281  14.8691 165.1865  1.00273666 35290
JCSAT-3A                
1 29272U 06033A   16074.81855257 -.00000374  00000-0  00000+0 0  9997
2 29272   0.0393 283.5562 0001820  62.1218 249.8369  1.00271470 35192
SYRACUSE 3B             
1 29273U 06033B   16074.22569272 -.00000072  00000-0  00000+0 0  9997
2 29273   0.0220 106.1210 0005284 227.7083 274.4560  1.00272274 35177
KOREASAT 5 (MUGUNGWHA 5)
1 29349U 06034A   16074.75422855 -.00000387  00000-0  00000+0 0  9994
2 29349   0.0187 130.7820 0001192 216.5455 210.0186  1.00271506 35072
ZHONGXING-22A           
1 29398U 06038A   16074.96516016 -.00000343  00000-0  00000+0 0  9990
2 29398   4.9852  60.7324 0002603 239.7707 321.4059  1.00268976 34841
DIRECTV 9S              
1 29494U 06043A   16075.44410973 -.00000144  00000-0  00000+0 0  9991
2 29494   0.0101 174.3022 0003592 180.8459 237.0767  1.00271667 34543
OPTUS D1                
1 29495U 06043B   16075.46602315 -.00000141  00000-0  00000+0 0  9994
2 29495   0.0435 336.6455 0003097  14.6151 149.9743  1.00271710 34588
XM-4 (BLUES)            
1 29520U 06049A   16075.39491418 -.00000053  00000-0  00000+0 0  9993
2 29520   0.0378 330.9524 0000284 335.2983 254.0679  1.00273308 34432
BADR-4                  
1 29526U 06051A   16075.09399050  .00000115  00000-0  00000+0 0  9996
2 29526   0.0494 332.5557 0005842   1.2941 259.0660  1.00270641 34320
FENGYUN 2D              
1 29640U 06053A   16075.59122190 -.00000388  00000-0  10000-3 0  9997
2 29640   3.6018  66.7507 0001053 107.4485 335.8859  1.00272442 34000
WILDBLUE-1              
1 29643U 06054A   16075.39398178 -.00000079  00000-0  00000+0 0  9992
2 29643   0.0177 214.2329 0001828 129.5517 220.2684  1.00272428 33986
AMC-18                  
1 29644U 06054B   16075.50573248 -.00000119  00000-0  00000+0 0  9994
2 29644   0.0120 175.5088 0002601 174.7466 260.3834  1.00270046 33998
MEASAT-3                
1 29648U 06056A   16075.47399872 -.00000272  00000-0  00000+0 0  9995
2 29648   0.0265 160.3160 0000889 233.0756  42.2245  1.00272386 34007
KIKU-8 (ETS-VIII)       
1 29656U 06059A   16075.28628338 -.00000267  00000-0  00000+0 0  9992
2 29656   4.7319  61.9679 0006022 302.4363  57.6910  1.00273609 33881
INSAT-4B                
1 30793U 07007A   16074.58098025 -.00000287  00000-0  00000+0 0  9998
2 30793   0.1996  90.3554 0006731 217.3737 167.5470  1.00273031 33016
SKYNET 5A               
1 30794U 07007B   16075.30578240 -.00000301  00000-0  00000+0 0  9999
2 30794   0.0676   2.1746 0003479 352.7541  23.6521  1.00273187 33097
ANIK F3                 
1 31102U 07009A   16075.39928782 -.00000031  00000-0  00000+0 0  9994
2 31102   0.0130 124.7136 0002246 232.9125 200.8045  1.00272186 32770
ASTRA 1L                
1 31306U 07016A   16075.23643777  .00000090  00000-0  00000+0 0  9993
2 31306   0.0676 280.5594 0003190  16.0750 340.8977  1.00270151 32470
GALAXY 17 (G-17)        
1 31307U 07016B   16073.44909492 -.00000201  00000-0  00000+0 0  9999
2 31307   0.0126 277.2148 0003875  76.7592 248.1771  1.00270237 32495
ZHONGXING-6B            
1 31800U 07031A   16075.16690291 -.00000391  00000-0  00000+0 0  9999
2 31800   0.0189 139.6622 0003070 211.0299 358.0821  1.00269953 31900
DIRECTV 10              
1 31862U 07032A   16074.80560294 -.00000131  00000-0  00000+0 0  9999
2 31862   0.0134 263.6487 0000330  17.5125  78.8351  1.00269981 31847
SPACEWAY 3              
1 32018U 07036A   16075.08443358 -.00000181  00000-0  00000+0 0  9994
2 32018   0.0407   2.0133 0000335 312.7790 153.7447  1.00271547 31569
BSAT-3A                 
1 32019U 07036B   16074.21626859 -.00000378  00000-0  00000+0 0  9996
2 32019   0.0607 242.1750 0002290  36.2634  81.5120  1.00272366 31499
INSAT-4CR               
1 32050U 07037A   16074.08830456 -.00000105  00000-0  00000+0 0  9995
2 32050   0.0568 266.8430 0007346  24.5134 346.5340  1.00271731 31279
OPTUS D2                
1 32252U 07044A   16074.64455293 -.00000212  00000-0  00000+0 0  9990
2 32252   0.0461 347.1487 0003124  16.6075 192.9509  1.00272912 30873
INTELSAT 11 (IS-11)     
1 32253U 07044B   16075.09229819 -.00000298  00000-0  00000+0 0  9998
2 32253   0.0247 226.3044 0002968 123.8817 173.1405  1.00271195 30961
STAR ONE C1             
1 32293U 07056A   16073.70348350 -.00000303  00000-0  00000-0 0  9991
2 32293   0.0103 220.5121 0002889 143.7395 355.7279  1.00272858 14205
SKYNET 5B               
1 32294U 07056B   16075.09396763  .00000112  00000-0  00000+0 0  9993
2 32294   0.0665 357.4000 0003791 356.8448 237.7530  1.00271360 30646
ASTRA 4A (SIRIUS 4)     
1 32299U 07057A   16075.09348738  .00000003  00000-0  00000+0 0  9997
2 32299   0.0104 142.6870 0002762 189.9403 238.9521  1.00271999 30394
HORIZONS-2              
1 32388U 07063B   16073.83510093 -.00000210  00000-0  00000-0 0  9990
2 32388   0.0156 147.5318 0003060 202.2939 207.5350  1.00270137 30289
THURAYA-3               
1 32404U 08001A   16074.79318138 -.00000328  00000-0  00000+0 0  9993
2 32404   4.2583 349.3690 0004869 355.2717 212.3374  1.00270904 29969
EXPRESS-AM33            
1 32478U 08003A   16074.58069481 -.00000309  00000-0  00000+0 0  9996
2 32478   0.0346 304.6049 0000380 180.3494 353.1746  1.00269920 30051
THOR 5                  
1 32487U 08006A   16074.80185046 -.00000038  00000-0  00000+0 0  9999
2 32487   0.0177 211.8644 0002394 137.3036 111.5568  1.00272654 29610
KIZUNA (WINDS)          
1 32500U 08007A   16074.50951093 -.00000287  00000-0  00000+0 0  9992
2 32500   0.0454 260.1366 0002819 102.9564 135.8659  1.00272090 29465
AMC-14                  
1 32708U 08011A   16074.96778726  .00000081  00000-0  00000+0 0  9998
2 32708  18.2634  70.0041 0041632 353.3515 116.0435  1.00272211 30536
DIRECTV 11              
1 32729U 08013A   16074.10781060 -.00000154  00000-0  00000+0 0  9996
2 32729   0.0075  62.6370 0000240 183.3308 225.7926  1.00272099 29366
ICO G1                  
1 32763U 08016A   16074.36469537 -.00000196  00000-0  00000+0 0  9993
2 32763   4.0304 349.8024 0003447  11.3372 209.6724  1.00271287 28894
VINASAT-1               
1 32767U 08018A   16075.15247058 -.00000358  00000-0  00000+0 0  9999
2 32767   0.0143 180.8481 0001552 181.3439 357.8086  1.00269003 29040
STAR ONE C2             
1 32768U 08018B   16074.71458118 -.00000294  00000-0  00000+0 0  9991
2 32768   0.0263 165.7032 0000919 184.0073  10.2631  1.00272582 28982
TIANLIAN 1-01           
1 32779U 08019A   16074.08332604 -.00000163  00000-0  10000-3 0  9995
2 32779   1.8735  78.2237 0037023 223.5072 340.3546  1.00269283 28892
AMOS-3                  
1 32794U 08022A   16075.24637251 -.00000064  00000-0  00000+0 0  9996
2 32794   0.0105 175.3425 0002653 172.9326 269.6551  1.00271461 28888
GALAXY 18 (G-18)        
1 32951U 08024A   16073.86400657 -.00000003  00000-0  00000+0 0  9990
2 32951   0.0241 160.7067 0002934 197.7457   1.5466  1.00271153 28512
CHINASAT 9 (ZX 9)       
1 33051U 08028A   16074.88993744 -.00000276  00000-0  00000+0 0  9995
2 33051   0.0167 258.9623 0003755  81.4620 245.0533  1.00271995 28448
SKYNET 5C               
1 33055U 08030A   16074.23399402 -.00000168  00000-0  00000+0 0  9992
2 33055   0.0643   7.9773 0002577 336.3277 254.3266  1.00270892 28328
TURKSAT 3A              
1 33056U 08030B   16075.17161922  .00000117  00000-0  00000+0 0  9994
2 33056   0.0342 160.0125 0003437 205.6397 271.2895  1.00273002 28517
INTELSAT 25 (IS-25)     
1 33153U 08034A   16073.17365672 -.00000251  00000-0  00000+0 0  9992
2 33153   0.0238 251.1777 0002112  90.9630 220.0659  1.00268062 28057
BADR-6                  
1 33154U 08034B   16074.86049775  .00000116  00000-0  00000+0 0  9992
2 33154   0.0721  42.7597 0005127 329.0868 136.7974  1.00273954 28191
ECHOSTAR 11             
1 33207U 08035A   16073.82811652 -.00000084  00000-0  00000+0 0  9993
2 33207   0.0353 274.4456 0002916  86.3069 359.2246  1.00272123 28087
SUPERBIRD-C2            
1 33274U 08038A   16074.50953380 -.00000280  00000-0  00000+0 0  9999
2 33274   0.0295 274.3947 0001413  64.0135 161.4916  1.00270368 27814
AMC-21                  
1 33275U 08038B   16074.85186745  .00000007  00000-0  00000+0 0  9997
2 33275   0.0454 310.2365 0002537  28.7790  15.6131  1.00271706 27892
INMARSAT 4-F3           
1 33278U 08039A   16075.49248383 -.00000166  00000-0  00000+0 0  9996
2 33278   3.0194 356.9158 0002866 355.6866 260.2128  1.00271890 27705
NIMIQ 4                 
1 33373U 08044A   16075.37001402 -.00000250  00000-0  00000+0 0  9998
2 33373   0.0212 120.5188 0002600 242.4302 221.6235  1.00270831 27277
GALAXY 19 (G-19)        
1 33376U 08045A   16075.45075296 -.00000169  00000-0  00000+0 0  9992
2 33376   0.0044 186.7186 0003015 182.2550 229.7690  1.00271799 27270
VENESAT-1               
1 33414U 08055A   16075.17724204 -.00000267  00000-0  00000+0 0  9994
2 33414   0.0445 308.3568 0001249  89.3771 121.2487  1.00270730 26995
ASTRA 1M                
1 33436U 08057A   16074.73359265  .00000091  00000-0  00000+0 0  9996
2 33436   0.0256 265.8179 0001885 151.7003  38.5099  1.00273701 26914
CIEL-2                  
1 33453U 08063A   16074.62713388  .00000029  00000-0  00000+0 0  9991
2 33453   0.0229  77.9241 0002743 266.5575 285.0649  1.00271951 26597
EUTELSAT HOT BIRD 13C   
1 33459U 08065A   16074.48473923  .00000058  00000-0  00000+0 0  9993
2 33459   0.0390  11.3386 0004594   5.9947 342.6581  1.00273389 26680
EUTELSAT 48D            
1 33460U 08065B   16075.16913631  .00000094  00000-0  00000+0 0  9996
2 33460   0.0561 339.6710 0002014   7.1360 295.3878  1.00274586 26545
FENGYUN 2E              
1 33463U 08066A   16074.91421247 -.00000230  00000-0  00000+0 0  9992
2 33463   1.3346  60.3857 0002169 215.0342 313.4538  1.00268200 26523
EXPRESS-AM44            
1 33595U 09007A   16074.80201981 -.00000118  00000-0  00000+0 0  9998
2 33595   0.0338 294.3916 0000827 177.4507 338.6871  1.00271659 25995
NSS-9                   
1 33749U 09008A   16072.61684619  .00000046  00000-0  00000+0 0  9999
2 33749   0.0078 227.7797 0001981 114.6147 233.4045  1.00272977 25976
EUTELSAT HOT BIRD 13D   
1 33750U 09008B   16074.89148455  .00000058  00000-0  00000+0 0  9999
2 33750   0.0778 292.2322 0003726  21.5030 193.0941  1.00273701 26032
TELSTAR 11N             
1 34111U 09009A   16074.35746622 -.00000279  00000-0  00000+0 0  9999
2 34111   0.0057 174.4857 0002173 171.2787 277.7283  1.00270340 25848
EUTELSAT 10A            
1 34710U 09016A   16075.18294948  .00000038  00000-0  00000+0 0  9995
2 34710   0.0662   0.3994 0005242 358.7628 249.8806  1.00271133 25404
SES-7 (PROTOSTAR 2)     
1 34941U 09027A   16074.85326529 -.00000374  00000-0  00000+0 0  9991
2 34941   0.0201  73.4545 0002414 217.2455 297.5982  1.00271305 25054
MEASAT-3A               
1 35362U 09032A   16072.95012414 -.00000267  00000-0  00000+0 0  9990
2 35362   0.0442 227.5532 0001337  47.4897 329.4942  1.00270395 24657
GOES 14                 
1 35491U 09033A   16073.81331570 -.00000118  00000-0  00000+0 0  9992
2 35491   0.0605 114.8731 0003361 120.9043 124.1678  1.00272074 24583
SIRIUS FM-5             
1 35493U 09034A   16075.45075296 -.00000175  00000-0  00000+0 0  9990
2 35493   0.0476 281.4604 0000143 178.3471 139.9232  1.00271464 24412
TERRESTAR-1             
1 35496U 09035A   16073.76572419 -.00000082  00000-0  00000+0 0  9992
2 35496   3.2825 336.5317 0002980  24.5543 335.3724  1.00272539 24584
ASIASAT 5               
1 35696U 09042A   16074.90707616 -.00000336  00000-0  00000+0 0  9990
2 35696   0.0063 154.3358 0001959 153.6032 292.0097  1.00272909 24109
JCSAT-RA (JCSAT-12)     
1 35755U 09044A   16074.16622629 -.00000373  00000-0  00000+0 0  9997
2 35755   0.0641  50.6329 0001355 258.1102  51.2212  1.00271940 24098
OPTUS D3                
1 35756U 09044B   16075.47215161 -.00000177  00000-0  00000+0 0  9994
2 35756   0.0588   1.0256 0004437 352.9499 145.4810  1.00272237 24072
PALAPA D                
1 35812U 09046A   16074.20778381 -.00000386  00000-0  00000+0 0  9999
2 35812   0.0321  90.8644 0001796 296.2002 332.9211  1.00270288 24108
NIMIQ 5                 
1 35873U 09050A   16075.10662716 -.00000286  00000-0  00000+0 0  9994
2 35873   0.0269 252.6297 0002204  80.9975 165.1707  1.00271487 23804
AMAZONAS 2              
1 35942U 09054A   16075.44777654 -.00000312  00000-0  00000+0 0  9990
2 35942   0.0261 156.3545 0001151 225.8324 251.4714  1.00272389 23637
COMSATBW-1              
1 35943U 09054B   16074.03060683 -.00000003  00000-0  00000+0 0  9999
2 35943   0.0738  81.9798 0002386 274.8454 249.2503  1.00273372 23688
NSS-12                  
1 36032U 09058A   16074.36274931  .00000043  00000-0  00000+0 0  9995
2 36032   0.0120 236.7717 0002729 119.9834   3.2192  1.00272967 23373
THOR 6                  
1 36033U 09058B   16075.09335779 -.00000040  00000-0  00000+0 0  9993
2 36033   0.0173 209.7301 0001732 143.5519 212.5764  1.00271477 23406
INTELSAT 14 (IS-14)     
1 36097U 09064A   16072.22350711 -.00000298  00000-0  00000+0 0  9990
2 36097   0.0117 162.2616 0001722 178.7889 224.6989  1.00271946 23117
EUTELSAT 36B            
1 36101U 09065A   16074.22159008  .00000127  00000-0  00000+0 0  9995
2 36101   0.0640 355.6285 0004188 359.8250 292.4555  1.00270318 23234
INTELSAT 15 (IS-15)     
1 36106U 09067A   16073.88248321 -.00000212  00000-0  00000+0 0  9996
2 36106   0.0502 285.0989 0002222  66.8112 222.8331  1.00271780 23022
DIRECTV 12              
1 36131U 09075A   16075.31688263 -.00000133  00000-0  00000+0 0  9998
2 36131   0.0227 274.8319 0000480  11.3759 258.3777  1.00271619 22829
BEIDOU G1               
1 36287U 10001A   16075.55232816 -.00000314  00000-0  10000-3 0  9992
2 36287   1.5859  11.3583 0002833 210.9378 290.0254  1.00265922 22613
RADUGA-1M 2             
1 36358U 10002A   16073.67621804 -.00000210  00000-0  00000+0 0  9992
2 36358   0.0240 242.5777 0002632 160.3411  97.1987  1.00270756 22436
SDO                     
1 36395U 10005A   16075.45272219 -.00000092  00000-0  00000+0 0  9994
2 36395  28.3201 148.7324 0002136 177.5389 267.8686  1.00275834 22473
INTELSAT 16 (IS-16)     
1 36397U 10006A   16075.20167240 -.00000314  00000-0  00000+0 0  9994
2 36397   0.0191 133.6332 0002200 232.7087 179.0389  1.00345299 22177
GOES 15                 
1 36411U 10008A   16073.89643585  .00000058  00000-0  00000+0 0  9991
2 36411   0.0230 195.2250 0001105  68.8941  95.8452  1.00283560 22113
ECHOSTAR 14             
1 36499U 10010A   16074.36398644 -.00000028  00000-0  00000+0 0  9994
2 36499   0.0104 219.2710 0002768 130.1891 195.0579  1.00272450 21961
SES-1                   
1 36516U 10016A   16075.48678557 -.00000144  00000-0  00000+0 0  9997
2 36516   0.0412 322.2397 0002521  27.9138 257.5765  1.00272106 21579
ASTRA 3B                
1 36581U 10021A   16074.70141948  .00000108  00000-0  00000+0 0  9997
2 36581   0.0566  18.4402 0003303 336.2448  94.0267  1.00272900 21079
COMSATBW-2              
1 36582U 10021B   16075.17226413  .00000058  00000-0  00000+0 0  9995
2 36582   0.0209 241.8326 0002016 118.0880 248.4141  1.00272080 21421
BEIDOU G3               
1 36590U 10024A   16074.46010778 -.00000383  00000-0  00000+0 0  9995
2 36590   1.5071  31.3906 0003348 283.3793 133.8702  1.00274299 21218
BADR-5                  
1 36592U 10025A   16074.86049012  .00000116  00000-0  00000+0 0  9998
2 36592   0.0170 139.8727 0001250 198.4605 170.2877  1.00273067 21330
COMS 1                  
1 36744U 10032A   16074.81843713 -.00000373  00000-0  00000+0 0  9996
2 36744   0.0155 109.8836 0001123 242.5775 243.1964  1.00271147 21084
ARABSAT-5A              
1 36745U 10032B   16074.16036263  .00000125  00000-0  00000+0 0  9993
2 36745   0.0554 357.4273 0003208 357.1176 265.8615  1.00270252 21055
ECHOSTAR 15             
1 36792U 10034A   16075.44777654 -.00000312  00000-0  00000+0 0  9994
2 36792   0.0264 348.8900 0002050   9.1995 274.9201  1.00272662 20837
BEIDOU IGSO 1           
1 36828U 10036A   16075.59887083 -.00000168  00000-0  10000-3 0  9994
2 36828  54.2504 198.0346 0043738 214.1513  96.8481  1.00262685 20651
NILESAT 201             
1 36830U 10037A   16075.16566233 -.00000088  00000-0  00000+0 0  9998
2 36830   0.0449 183.6258 0004433 181.2926 220.8609  1.00271529 20720
RASCOM-QAF 1R           
1 36831U 10037B   16073.51533909 -.00000009  00000-0  00000+0 0  9993
2 36831   0.0137 122.6742 0004467 234.9132   2.3877  1.00270973 20719
CHINASAT 6A (ZX 6A)     
1 37150U 10042A   16074.91937417 -.00000383  00000-0  00000+0 0  9996
2 37150   0.0180 211.6272 0002679 300.0698 117.2419  1.00270174 20333
XM-5                    
1 37185U 10053A   16074.30812772 -.00000233  00000-0  00000+0 0  9999
2 37185   0.0384 285.2404 0001013 267.6972   5.0902  1.00272380 19874
BSAT-3B                 
1 37207U 10056B   16075.48017939 -.00000380  00000-0  00000+0 0  9992
2 37207   0.0849 309.8229 0004921  26.5107 119.8695  1.00271127 19721
BEIDOU G4               
1 37210U 10057A   16075.46557513 -.00000142  00000-0  00000+0 0  9998
2 37210   0.9575  50.5268 0005885 185.6699 264.8526  1.00270332 19727
SKYTERRA 1              
1 37218U 10061A   16073.71068033 -.00000144  00000-0  00000+0 0  9993
2 37218   3.7872 326.3906 0002675 187.3169 172.5595  1.00272107 19659
ZHONGXING-20A           
1 37234U 10064A   16073.83359840 -.00000364  00000-0  00000+0 0  9990
2 37234   0.0231 223.1812 0004906 123.6321 255.1901  1.00270741 19457
HYLAS 1                 
1 37237U 10065A   16075.37059644 -.00000264  00000-0  00000+0 0  9993
2 37237   0.0429   9.0099 0001324 344.6283 279.6655  1.00271570 19447
INTELSAT 17 (IS-17)     
1 37238U 10065B   16074.60893133 -.00000030  00000-0  00000+0 0  9999
2 37238   0.0320 253.9436 0002930  93.2117 110.6752  1.00272457 19357
BEIDOU IGSO 2           
1 37256U 10068A   16074.81603962 -.00000227  00000-0  10000-3 0  9997
2 37256  53.6901 316.5996 0039788 206.1110  63.6408  1.00269335 19235
EUTELSAT KA-SAT 9A      
1 37258U 10069A   16073.49858549  .00000035  00000-0  00000-0 0  9998
2 37258   0.0459 292.6567 0003309 179.7015 247.6540  1.00273086  6480
HISPASAT 1E             
1 37264U 10070A   16073.86070193 -.00000244  00000-0  00000+0 0  9991
2 37264   0.0394 119.4722 0002612 272.0715  60.2067  1.00270626 19095
KOREASAT 6              
1 37265U 10070B   16073.94815980 -.00000389  00000-0  00000+0 0  9992
2 37265   0.0175 110.8127 0002165 225.3583 293.1437  1.00272197 19110
ELEKTRO-L 1 (GOMS 2)    
1 37344U 11001A   16074.09033501 -.00000125  00000-0  00000+0 0  9991
2 37344   1.5172  79.6908 0004965 169.6128  31.3896  1.00271983 18892
BEIDOU IGSO 3           
1 37384U 11013A   16074.90587498 -.00000154  00000-0  10000-3 0  9994
2 37384  57.2637  77.7563 0026642 203.5336 338.2356  1.00290457 18113
INTELSAT NEW DAWN       
1 37392U 11016A   16074.09993431  .00000128  00000-0  00000+0 0  9999
2 37392   0.0278 240.5118 0001201  95.0027 265.3866  1.00263865 17949
YAHSAT 1A               
1 37393U 11016B   16074.15541797  .00000073  00000-0  00000+0 0  9990
2 37393   0.0096 203.9274 0001664 103.2574 333.4411  1.00272284 17999
TELSTAR 14R             
1 37602U 11021A   16074.49133807 -.00000308  00000-0  00000+0 0  9997
2 37602   0.0338 313.1838 0002558   1.0537 332.1346  1.00271017 18210
GSAT-8                  
1 37605U 11022A   16074.77843561  .00000056  00000-0  00000+0 0  9996
2 37605   0.0205 219.2725 0006665  71.9834 216.8430  1.00273025 17678
ST-2                    
1 37606U 11022B   16073.96317796 -.00000239  00000-0  00000-0 0  9998
2 37606   0.0165 123.5167 0001067 223.0009 260.2181  1.00270910 17683
CHINASAT 10 (ZX 10)     
1 37677U 11026A   16075.02870818 -.00000381  00000-0  00000+0 0  9995
2 37677   0.0077 153.7383 0004243  93.7273  46.3992  1.00268835 17408
TIANLIAN 1-02           
1 37737U 11032A   16075.21378221 -.00000043  00000-0  00000+0 0  9996
2 37737   1.6604  79.6291 0002836   1.2040 340.4192  1.00275228 17150
GSAT-12                 
1 37746U 11034A   16074.85661054 -.00000194  00000-0  00000+0 0  9993
2 37746   0.0427 253.2858 0004050 219.0891  91.8981  1.00271644 17407
SES-3                   
1 37748U 11035A   16075.20726325 -.00000131  00000-0  00000+0 0  9990
2 37748   0.0408 302.2942 0002837  48.2423 154.2940  1.00271788 17139
KAZSAT-2                
1 37749U 11035B   16075.02575641 -.00000227  00000-0  00000+0 0  9990
2 37749   0.0336 294.8141 0002029 113.9672 220.0129  1.00270751 17002
BEIDOU IGSO 4           
1 37763U 11038A   16074.71167500 -.00000094  00000-0  10000-3 0  9992
2 37763  54.5604 200.3291 0036227 201.4545 120.7833  1.00257556 17070
ASTRA 1N                
1 37775U 11041A   16074.73913652  .00000091  00000-0  00000+0 0  9999
2 37775   0.0583 343.7313 0004540  37.9475  76.3534  1.00273558 16836
BSAT-3C (JCSAT-110R)    
1 37776U 11041B   16075.00942470 -.00000380  00000-0  00000+0 0  9993
2 37776   0.0390 305.9290 0000151 211.2658 129.1825  1.00271363 16978
PAKSAT-1R               
1 37779U 11042A   16074.67228377  .00000125  00000-0  00000+0 0  9998
2 37779   0.0096 114.5100 0002600 249.5360  88.6732  1.00269780 16711
CHINASAT 1A (ZX 1A)     
1 37804U 11047A   16074.59290185 -.00000367  00000-0  00000+0 0  9998
2 37804   0.0276 140.3827 0002821 174.0992 201.4014  1.00268524 16512
COSMOS 2473             
1 37806U 11048A   16074.29928195 -.00000163  00000-0  00000+0 0  9991
2 37806   0.0514  81.3031 0002085  28.2618 250.4337  1.00272473 16506
SES-2                   
1 37809U 11049A   16074.21787192 -.00000224  00000-0  00000+0 0  9995
2 37809   0.0420 315.2962 0002293  19.6409 188.7301  1.00271430 16449
ARABSAT-5C              
1 37810U 11049B   16074.87993598  .00000094  00000-0  00000+0 0  9992
2 37810   0.0641 352.4791 0002221   7.3580 149.8491  1.00274060 16343
EUTELSAT 7 WEST A       
1 37816U 11051A   16073.54362219 -.00000088  00000-0  00000+0 0  9998
2 37816   0.0687  19.0619 0002916 291.4575  49.4327  1.00271118 16394
QUETZSAT 1              
1 37826U 11054A   16075.15196762 -.00000271  00000-0  00000+0 0  9993
2 37826   0.0409 333.9853 0002766  18.8887 157.9950  1.00272257 16533
INTELSAT 18 (IS-18)     
1 37834U 11056A   16075.35820147  .00000023  00000-0  00000+0 0  9991
2 37834   0.0190 152.6983 0002260 212.4888 117.1129  1.00273198 16295
EUTELSAT 16A            
1 37836U 11057A   16074.28677444  .00000076  00000-0  00000+0 0  9993
2 37836   0.0679  10.6440 0004480 347.0760 293.8259  1.00273802 16210
VIASAT-1                
1 37843U 11059A   16075.21480716 -.00000053  00000-0  00000+0 0  9997
2 37843   0.0123 173.0290 0002455 175.3923 147.0175  1.00271713 16713
ASIASAT 7               
1 37933U 11069A   16074.79194317 -.00000362  00000-0  00000+0 0  9992
2 37933   0.0215 160.8986 0001521 140.5718 261.9513  1.00267568 15905
BEIDOU IGSO 5           
1 37948U 11073A   16075.40750105 -.00000169  00000-0  10000-3 0  9995
2 37948  53.7820 316.0478 0036018 203.2330 256.1025  1.00277286 15840
LUCH 5A                 
1 37951U 11074B   16075.51302807 -.00000077  00000-0  00000+0 0  9997
2 37951   1.8374 220.5147 0003037 144.0344 160.6403  1.00270828 15626
NIGCOMSAT 1R            
1 38014U 11077A   16075.17161922  .00000115  00000-0  00000+0 0  9996
2 38014   0.0117  93.8020 0002692 179.4699   4.3227  1.00272143 15467
FENGYUN 2F              
1 38049U 12002A   16075.59102479 -.00000385  00000-0  00000+0 0  9991
2 38049   0.7966  73.8942 0001193 125.5170 298.6132  1.00260969 15338
SES-4                   
1 38087U 12007A   16072.17733513 -.00000193  00000-0  00000+0 0  9995
2 38087   0.0239  38.3767 0002225 281.3969 252.2876  1.00271834 14895
BEIDOU G5               
1 38091U 12008A   16075.03695005  .00000029  00000-0  00000+0 0  9999
2 38091   1.4966  44.9603 0002207 214.0226 346.1011  1.00267013 14914
INTELSAT 22 (IS-22)     
1 38098U 12011A   16074.32088588 -.00000087  00000-0  00000+0 0  9998
2 38098   0.0090 104.7880 0002011 254.6534   0.5584  1.00270503 14487
APSTAR 7                
1 38107U 12013A   16074.09033501 -.00000129  00000-0  00000+0 0  9997
2 38107   0.0414  98.2550 0002504 252.1066 290.7828  1.00271894 14599
YAHSAT 1B               
1 38245U 12016A   16074.38876517  .00000098  00000-0  00000+0 0  9991
2 38245   0.0101 171.1295 0001651 127.1009  61.7290  1.00271400 14358
JCSAT-13                
1 38331U 12023A   16075.17481016 -.00000386  00000-0  00000+0 0  9990
2 38331   0.0155 161.1049 0002575 220.5857 338.3203  1.00269271 14017
VINASAT-2               
1 38332U 12023B   16075.41435909 -.00000359  00000-0  00000+0 0  9998
2 38332   0.0160 177.7418 0002315 180.5857  96.1186  1.00268656 14064
NIMIQ 6                 
1 38342U 12026A   16074.77305311 -.00000202  00000-0  00000+0 0  9990
2 38342   0.0163 221.3873 0002166 126.2575  12.3253  1.00271122 14031
CHINASAT 2A (ZX 2A)     
1 38352U 12028A   16074.79302142 -.00000321  00000-0  00000+0 0  9996
2 38352   0.0277 144.1879 0004791 202.9347 209.3962  1.00268818 14078
INTELSAT 19 (IS-19)     
1 38356U 12030A   16074.06077482 -.00000084  00000-0  00000+0 0  9995
2 38356   0.0315 295.4811 0002973  66.5984 357.8981  1.00271616 13947
ECHOSTAR 17             
1 38551U 12035A   16074.81736811 -.00000104  00000-0  00000+0 0  9991
2 38551   0.0237 165.3447 0001965 183.7041  10.9469  1.00270547 13561
METEOSAT-10 (MSG-3)     
1 38552U 12035B   16073.52282755 -.00000030  00000-0  00000+0 0  9990
2 38552   0.5970  86.9608 0001763 188.2498  84.7475  1.00264259 13648
SES-5                   
1 38652U 12036A   16075.09349501  .00000004  00000-0  00000+0 0  9999
2 38652   0.0490 266.3508 0001955  76.4602 228.9253  1.00272241 13503
TIANLIAN 1-03           
1 38730U 12040A   16074.46453558  .00000096  00000-0  00000+0 0  9990
2 38730   0.1091 267.9140 0004182 154.4498 297.6542  1.00273505 13421
INTELSAT 20 (IS-20)     
1 38740U 12043A   16075.09671539 -.00000054  00000-0  00000+0 0  9990
2 38740   0.0046 166.7942 0000734  14.3811  95.2418  1.00271873 13261
HYLAS 2                 
1 38741U 12043B   16074.43474140  .00000126  00000-0  00000+0 0  9996
2 38741   0.0371 263.5367 0001600  81.2199  15.2145  1.00271011 13280
INTELSAT 21 (IS-21)     
1 38749U 12045A   16074.49103377 -.00000313  00000-0  00000+0 0  9992
2 38749   0.0050 181.1127 0010476 232.8990 237.1429  1.00270523 13068
ASTRA 2F                
1 38778U 12051A   16073.44527105  .00000123  00000-0  00000+0 0  9992
2 38778   0.0711 240.6312 0002396  37.4610  81.8581  1.00271584 12713
GSAT-10                 
1 38779U 12051B   16074.29071413 -.00000193  00000-0  00000+0 0  9991
2 38779   0.0090 169.3652 0001082 151.5561  39.0471  1.00272341 12728
INTELSAT 23 (IS-23)     
1 38867U 12057A   16074.35763127 -.00000313  00000-0  00000+0 0  9996
2 38867   0.0295 262.8218 0001740  97.4346 247.8539  1.00270256 12547
BEIDOU G6               
1 38953U 12059A   16075.47832028 -.00000166  00000-0  10000-3 0  9996
2 38953   0.7250  76.6205 0002495 221.6022 127.4945  1.00271734 12498
LUCH 5B                 
1 38977U 12061A   16075.16544126 -.00000158  00000-0  00000+0 0  9996
2 38977   2.6290  78.2903 0003537 252.8120 245.3821  1.00270830 12618
YAMAL 300K              
1 38978U 12061B   16075.59730199  .00000041  00000-0  00000+0 0  9991
2 38978   0.0280 116.0466 0000603 187.9099 267.6390  1.00271585 12312
STAR ONE C3             
1 38991U 12062A   16075.37018171 -.00000279  00000-0  00000+0 0  9996
2 38991   0.0182 194.5452 0002626 141.4089 255.6914  1.00271895 12295
EUTELSAT 21B            
1 38992U 12062B   16073.46358771  .00000103  00000-0  00000+0 0  9993
2 38992   0.0678   9.9871 0002600 348.9776   1.0122  1.00273533 12294
ECHOSTAR 16             
1 39008U 12065A   16073.69379946 -.00000309  00000-0  00000-0 0  9997
2 39008   0.0231 162.8933 0002788 184.6079  12.4918  1.00269314 12060
CHINASAT 12 (ZX 12)     
1 39017U 12067A   16074.61289859 -.00000235  00000-0  00000+0 0  9992
2 39017   0.0231 104.3935 0003212 239.5771 136.7996  1.00270616 12147
EUTELSAT 70B            
1 39020U 12069A   16073.32818066 -.00000070  00000-0  00000-0 0  9991
2 39020   0.0706  25.8320 0002307 305.0512  29.0816  1.00271711 11937
YAMAL 402               
1 39022U 12070A   16074.15061022  .00000058  00000-0  10000-3 0  9998
2 39022   0.0459 275.4668 0001608 117.9268 247.8811  1.00272260 12029
SKYNET 5D               
1 39034U 12075A   16075.17676022  .00000070  00000-0  00000+0 0  9990
2 39034   0.0716   9.8981 0003864 336.3735 303.2656  1.00273542 11956
MEXSAT 3                
1 39035U 12075B   16074.83866640 -.00000054  00000-0  00000+0 0  9993
2 39035   0.0230 198.2198 0002005 124.7284  37.0134  1.00271427 11914
TDRS 11                 
1 39070U 13004A   16073.91190022  .00000067  00000-0  00000+0 0  9990
2 39070   5.9542 329.3491 0010047 287.9612  71.8638  1.00278856 11411
AMAZONAS 3              
1 39078U 13006A   16073.69231529 -.00000309  00000-0  00000-0 0  9994
2 39078   0.0284 205.7688 0001948  98.6617  55.5283  1.00269965  7292
AZERSPACE 1             
1 39079U 13006B   16074.39325026  .00000105  00000-0  00000+0 0  9991
2 39079   0.0154 131.0627 0001604 233.0770 355.8376  1.00273511 11361
EUTELSAT 117 WEST A     
1 39122U 13012A   16074.84423846 -.00000042  00000-0  00000+0 0  9997
2 39122   0.0235 238.7035 0002716 123.6758 357.5973  1.00271783 10903
ANIK G1                 
1 39127U 13014A   16074.81786349 -.00000103  00000-0  00000+0 0  9999
2 39127   0.0227 175.5753 0002493 139.9328  44.4719  1.00270422 10694
CHINASAT 11 (ZX 11)     
1 39157U 13020A   16075.25192597 -.00000321  00000-0  00000+0 0  9996
2 39157   0.0339 251.8464 0001762  59.2709  50.8341  1.00272556 10594
EUTELSAT 7B             
1 39163U 13022A   16073.50400856  .00000021  00000-0  00000+0 0  9997
2 39163   0.0493   8.2014 0005779 347.3655   4.4053  1.00272924 10426
SES-6                   
1 39172U 13026A   16075.43978065 -.00000291  00000-0  00000+0 0  9997
2 39172   0.0410   3.5543 0001756 338.2714 309.4417  1.00271927 10161
IRNSS-1A                
1 39199U 13034A   16074.70876781  .00000080  00000-0  00000+0 0  9991
2 39199  28.1199 123.1143 0020842 188.4296 171.6182  1.00279728 10072
ALPHASAT                
1 39215U 13038A   16074.54278263  .00000111  00000-0  00000+0 0  9992
2 39215   1.2073  32.2030 0002225 316.9990  43.5955  1.00271159  9694
INSAT-3D                
1 39216U 13038B   16073.29596213 -.00000182  00000-0  00000+0 0  9991
2 39216   0.0162 172.2835 0001046 149.5581  38.1287  1.00271841  9725
EUTELSAT 25B            
1 39233U 13044A   16074.44980163  .00000115  00000-0  00000+0 0  9991
2 39233   0.0261  12.5367 0001637 355.1789 352.2870  1.00269787  9332
GSAT-7                  
1 39234U 13044B   16073.31810753 -.00000103  00000-0  00000+0 0  9992
2 39234   0.0215 228.4663 0010987  62.0549  69.3390  1.00271438  9323
AMOS-4                  
1 39237U 13045A   16075.03575785 -.00000022  00000-0  00000+0 0  9990
2 39237   0.0039 198.9654 0001866 134.7139 277.2107  1.00270930  9321
ASTRA 2E                
1 39285U 13056A   16073.44445186  .00000124  00000-0  00000+0 0  9991
2 39285   0.0701  47.1610 0002422 316.8312 355.9873  1.00274221  9019
SIRIUS FM-6             
1 39360U 13058A   16072.84785987 -.00000043  00000-0  00000-0 0  9998
2 39360   0.0194  83.1715 0000215 303.4984 333.3095  1.00272971  8600
RADUGA-1M 3             
1 39375U 13062A   16074.95531409 -.00000068  00000-0  00000+0 0  9997
2 39375   0.0089 190.3832 0001316 185.1452 211.3562  1.00272360  8569
SES-8                   
1 39460U 13071A   16074.25750292 -.00000297  00000-0  00000+0 0  9992
2 39460   0.0434 268.0014 0001874 114.7034 337.2796  1.00271321  8301
INMARSAT 5-F1           
1 39476U 13073A   16074.78188541 -.00000001  00000-0  00000+0 0  9994
2 39476   0.0127 165.8914 0002118 283.8653  67.0976  1.00271797  8368
TKSAT-1 (TUPAC KATARI)  
1 39481U 13075A   16075.32974019 -.00000224  00000-0  00000+0 0  9993
2 39481   0.0320  51.4615 0001875 266.7841 246.5993  1.00270206  8283
EXPRESS-AM5             
1 39487U 13077A   16074.85739355 -.00000310  00000-0  00000+0 0  9996
2 39487   0.0438 299.2934 0000909  98.3872 223.8739  1.00270696  8813
GSAT-14                 
1 39498U 14001A   16074.31570798 -.00000105  00000-0  00000+0 0  9993
2 39498   0.0417 103.0123 0005023 272.0853 344.8934  1.00272015  8016
THAICOM 6               
1 39500U 14002A   16075.02801853 -.00000150  00000-0  00000+0 0  9996
2 39500   0.0479 136.2361 0001998 310.6976 174.7271  1.00271058  7965
TDRS 12                 
1 39504U 14004A   16074.56975863 -.00000297  00000-0  00000+0 0  9995
2 39504   6.4314 336.8217 0001754 326.9317  33.0120  1.00276257  7881
ABS-2                   
1 39508U 14006A   16074.61470012 -.00000115  00000-0  00000+0 0  9992
2 39508   0.0307 307.1936 0003128  36.9747 124.6810  1.00271863  7766
ATHENA-FIDUS            
1 39509U 14006B   16074.41598232  .00000126  00000-0  00000+0 0  9997
2 39509   0.0141 128.8684 0001479 227.4629   3.6436  1.00271654  7931
TURKSAT 4A              
1 39522U 14007A   16074.40420915  .00000118  00000-0  00000+0 0  9995
2 39522   0.0619 273.3882 0003872  39.3057  47.2495  1.00269087  7640
EXPRESS-AT1             
1 39612U 14010A   16074.87900993  .00000049  00000-0  00000+0 0  9992
2 39612   0.0443 310.5640 0000437 252.2505 342.5160  1.00272735  7485
EXPRESS-AT2             
1 39613U 14010B   16074.85739678 -.00000311  00000-0  00000+0 0  9994
2 39613   0.0456 310.2203 0000266 273.4267  37.7172  1.00270316  7313
AMAZONAS 4A             
1 39616U 14011A   16074.68957604 -.00000311  00000-0  00000+0 0  9990
2 39616   0.0652  68.5244 0004929 304.4683 346.9955  1.00273342  7304
ASTRA 5B                
1 39617U 14011B   16074.85352571  .00000125  00000-0  00000+0 0  9994
2 39617   0.0519 322.6321 0002417  20.9735 168.0348  1.00270079  7308
IRNSS-1B                
1 39635U 14017A   16074.20768860  .00000054  00000-0  00000+0 0  9992
2 39635  29.9022 302.0417 0017952 182.4244 177.5712  1.00276382  7239
LUCH 5V                 
1 39727U 14023A   16074.97317684 -.00000299  00000-0  00000+0 0  9991
2 39727   3.5768 300.1773 0002688  48.3311 269.4544  1.00274705524959
KAZSAT 3                
1 39728U 14023B   16075.03695005  .00000031  00000-0  00000+0 0  9999
2 39728   0.0064 189.5716 0000381 269.4188 145.8476  1.00271688  6877
EUTELSAT 3B             
1 39773U 14030A   16074.85990315 -.00000009  00000-0  00000+0 0  9994
2 39773   0.0781 326.2639 0001529 313.1576 206.1162  1.00273043  6656
ASIASAT 8               
1 40107U 14046A   16075.22625790 -.00000362  00000-0  00000+0 0  9990
2 40107   0.0155 190.8494 0000932 170.5671 358.5838  1.00267802  5945
ASIASAT 6               
1 40141U 14052A   16074.45332499 -.00000391  00000-0  00000+0 0  9992
2 40141   0.0478 283.0331 0000650  51.3693 121.1689  1.00271846  5595
OPTUS 10                
1 40146U 14054A   16075.06363225 -.00000104  00000-0  00000+0 0  9990
2 40146   0.0708 309.4314 0001628  28.1450  22.3914  1.00271526  5564
MEASAT-3B               
1 40147U 14054B   16072.95003553 -.00000267  00000-0  00000+0 0  9991
2 40147   0.0190  40.6445 0002308 310.7331 253.1276  1.00270253  5586
LUCH (OLYMP)            
1 40258U 14058A   16074.93417382 -.00000041  00000-0  00000+0 0  9997
2 40258   0.0171 229.2637 0001628 285.6014 353.2963  1.00271735  5376
HIMAWARI 8              
1 40267U 14060A   16074.13098504 -.00000304  00000-0  00000+0 0  9995
2 40267   0.0224  87.5627 0001097 275.4196 356.9949  1.00270732  5298
IRNSS-1C                
1 40269U 14061A   16074.02124164 -.00000193  00000-0  00000+0 0  9994
2 40269   3.9309 262.9566 0020712  16.3822 343.3479  1.00274173  5246
INTELSAT 30 (IS-30)     
1 40271U 14062A   16074.56480359 -.00000179  00000-0  00000+0 0  9992
2 40271   0.0122 163.8328 0000397  74.5699  42.4544  1.00270822  5191
ARSAT 1                 
1 40272U 14062B   16074.33717237 -.00000288  00000-0  00000+0 0  9997
2 40272   0.0202 150.6239 0001253 183.5243 247.8076  1.00271569  5318
EXPRESS-AM6             
1 40277U 14064A   16075.11321782  .00000069  00000-0  00000+0 0  9993
2 40277   0.0189 119.3962 0000758 319.8045 187.7028  1.00268086  5101
GSAT-16                 
1 40332U 14078A   16073.37104500  .00000059  00000-0  00000+0 0  9992
2 40332   0.0173 135.3204 0003640 304.7652 279.9329  1.00272255  4686
DIRECTV 14              
1 40333U 14078B   16074.10781157 -.00000153  00000-0  00000+0 0  9990
2 40333   0.0302 264.7221 0000925 315.3578 251.6246  1.00272057  4679
YAMAL 401               
1 40345U 14082A   16074.91280709 -.00000257  00000-0  00000+0 0  9999
2 40345   0.0396 125.2505 0000796 347.9977 118.2157  1.00269348  4848
ASTRA 2G                
1 40364U 14089A   16074.44264291  .00000121  00000-0  00000+0 0  9992
2 40364   0.0076  16.1378 0003795  12.8197 331.0636  1.00268975  4453
FENGYUN 2G              
1 40367U 14090A   16075.03056479 -.00000360  00000-0  00000+0 0  9996
2 40367   1.3855 273.4983 0003798 259.9889 115.0475  1.00277857  4483
INMARSAT 5-F2           
1 40384U 15005A   16074.37059609 -.00000314  00000-0  00000+0 0  9995
2 40384   0.0230 169.2912 0000190  28.0221  53.5110  1.00269538  4105
ABS-3A                  
1 40424U 15010A   16072.53419138 -.00000051  00000-0  00000+0 0  9997
2 40424   0.0252 159.3164 0002089 110.9654  89.6943  1.00269989  3825
EUTELSAT 115 WEST B     
1 40425U 15010B   16074.83895428 -.00000054  00000-0  00000+0 0  9996
2 40425   0.0115  65.0355 0000534   7.0325 287.9131  1.00271857  3877
EXPRESS-AM7             
1 40505U 15012A   16075.17660508  .00000121  00000-0  00000+0 0  9998
2 40505   0.0122 135.1889 0001986 213.5151 288.0535  1.00273774  3799
IRNSS-1D                
1 40547U 15018A   16074.05090516 -.00000324  00000-0  00000+0 0  9998
2 40547  29.9063 302.1921 0019130 180.8853 179.1162  1.00276966  3676
BEIDOU I1-S             
1 40549U 15019A   16075.41263878 -.00000201  00000-0  00000+0 0  9999
2 40549  54.7729 339.0027 0040288 180.5410 258.9310  1.00282090  3523
THOR 7                  
1 40613U 15022A   16074.52246849 -.00000037  00000-0  00000+0 0  9992
2 40613   0.0137 192.1743 0002589 149.8241  17.9682  1.00270819  3258
TURKMENALEM52E/MONACOSAT
1 40617U 15023A   16074.37656862  .00000075  00000-0  00000+0 0  9991
2 40617   0.0143 230.7878 0002633 141.5565 347.6381  1.00274724  3286
DIRECTV 15              
1 40663U 15026A   16072.81074787 -.00000129  00000-0  00000+0 0  9993
2 40663   0.0197 116.5360 0000386  25.3681 218.0769  1.00273313  2951
SKY MEXICO-1            
1 40664U 15026B   16074.73916423 -.00000263  00000-0  00000+0 0  9998
2 40664   0.0206 179.5870 0002164 198.3020 342.1185  1.00269976  2975
METEOSAT-11 (MSG-4)     
1 40732U 15034A   16073.25417446 -.00000059  00000-0  00000+0 0  9993
2 40732   2.7028 259.4995 0002274  88.3762 271.1471  1.00273126  2466
STAR ONE C4             
1 40733U 15034B   16074.42453890 -.00000293  00000-0  00000+0 0  9997
2 40733   0.0260 345.6262 0002262  16.4598 253.1774  1.00270946  2460
INTELSAT 34             
1 40874U 15039A   16075.09197803 -.00000315  00000-0  00000+0 0  9996
2 40874   0.0125 137.8417 0001080 114.3931 258.4704  1.00270365  2113
EUTELSAT 8 WEST B       
1 40875U 15039B   16074.54281569 -.00000094  00000-0  00000+0 0  9993
2 40875   0.0698  27.4397 0003268 322.5444   9.9852  1.00272700  2132
GSAT-6                  
1 40880U 15041A   16075.03729330 -.00000194  00000-0  00000+0 0  9991
2 40880   0.7805 273.6393 0009251  11.4369 344.3946  1.00271769  2060
INMARSAT 5-F3           
1 40882U 15042A   16075.02040396  .00000021  00000-0  00000+0 0  9999
2 40882   0.0184 166.8506 0000676  93.0573 100.0596  1.00271333  1995
TJS-1                   
1 40892U 15046A   16075.22006346 -.00000186  00000-0  00000+0 0  9996
2 40892   0.0275 164.5588 0006518 194.3836  48.5455  1.00272016  1999
EXPRESS-AM8             
1 40895U 15048A   16075.25116529 -.00000142  00000-0  00000+0 0  9991
2 40895   0.0327 298.8177 0000639 180.7711 130.0672  1.00271498  1816
BEIDOU I2-S             
1 40938U 15053A   16075.38544494 -.00000142  00000-0  00000+0 0  9995
2 40938  54.8174 301.8493 0043439 164.8764 301.6734  1.00262696  1807
SKY MUSTER (NBN1A)      
1 40940U 15054A   16075.12944741 -.00000308  00000-0  00000+0 0  9994
2 40940   0.0108 227.5208 0001802 117.3020  15.1467  1.00270948  1735
ARSAT 2                 
1 40941U 15054B   16073.74800900 -.00000252  00000-0  00000+0 0  9997
2 40941   0.0241 108.4762 0001149 247.2907   4.2092  1.00272409  1745
MORELOS 3               
1 40946U 15056A   16074.75448565 -.00000073  00000-0  00000+0 0  9992
2 40946   6.9618 331.3321 0002921   0.5382 359.4104  1.00273252  1721
APSTAR 9                
1 40982U 15059A   16075.12446335 -.00000295  00000-0  00000+0 0  9996
2 40982   0.0180 287.8968 0002302 357.8599  74.1929  1.00273032  1602
TURKSAT 4B              
1 40984U 15060A   16074.91844219  .00000086  00000-0  00000+0 0  9996
2 40984   0.0152 199.3370 0001363 177.8144 176.3983  1.00269273  1549
CHINASAT 2C (ZX 2C)     
1 41021U 15063A   16074.85289927 -.00000352  00000-0  00000+0 0  9991
2 41021   0.3082 270.0321 0003277 143.3970 169.8596  1.00268230  1449
GSAT-15                 
1 41028U 15065A   16074.79570272 -.00000286  00000-0  00000+0 0  9995
2 41028   0.0214 143.8561 0002204 185.9899 222.9028  1.00271163  1297
BADR-7 (ARABSAT-6B)     
1 41029U 15065B   16074.84186591  .00000123  00000-0  00000+0 0  9998
2 41029   0.0369 244.2386 0003515  14.8872 255.7541  1.00273018  1348
LAOSAT 1                
1 41034U 15067A   16074.82081337 -.00000372  00000-0  00000+0 0  9993
2 41034   0.0598 337.1239 0002029 269.5969 350.1147  1.00270816  1291
TELSTAR 12V             
1 41036U 15068A   16075.16547175 -.00000149  00000-0  00000+0 0  9993
2 41036   0.0236 175.5116 0001463 149.4895 252.7289  1.00270995  1163
CHINASAT 1C (ZX 1C)     
1 41103U 15073A   16075.55063003 -.00000180  00000-0  00000+0 0  9995
2 41103   0.0447 284.4114 0001208  77.0227  91.8275  1.00270971  1118
ELEKTRO-L 2             
1 41105U 15074A   16075.02801853 -.00000142  00000-0  00000+0 0  9991
2 41105   0.2808 277.5121 0001081 151.6467 191.6922  1.00268443   958
COSMOS 2513             
1 41121U 15075A   16074.91447310 -.00000168  00000-0  00000+0 0  9999
2 41121   0.0177 245.7758 0003214 195.5646 141.0561  1.00272706  1037
EXPRESS-AMU1            
1 41191U 15082A   16075.23287793  .00000126  00000-0  00000+0 0  9990
2 41191   0.0148 178.3323 0001590 176.7736 298.0545  1.00269982   943
GAOFEN 4                
1 41194U 15083A   16075.03159981 -.00000366  00000-0  00000+0 0  9996
2 41194   0.4479 265.9722 0001424 305.0924  79.3716  1.00273153   928
IRNSS-1E                
1 41241U 16003A   16073.71470318 -.00000299  00000-0  00000+0 0  9990
2 41241  28.0983 122.8120 0021121 185.5322 232.5447  1.00273598   623
