GORIZONT 1 [-]          
1 11158U 78118A   16073.11430420 -.00000119  00000-0  00000-0 0  9995
2 11158  17.0285 277.5061 3407896 172.7949 193.5930  1.00233904 85358
GORIZONT 2 [-]          
1 11440U 79062A   16074.79069301  .00000005  00000-0  00000+0 0  9991
2 11440  13.4724 328.9337 0004770 239.9445 309.3446  1.00260206100447
GORIZONT 3 [-]          
1 11648U 79105A   16071.76736123 -.00000333  00000-0  00000+0 0  9991
2 11648  13.5694 330.1254 0013522 164.5447  50.7501  1.00324960 84861
GORIZONT 4 [-]          
1 11841U 80049A   16075.51284366 -.00000267  00000-0  00000+0 0  9995
2 11841  14.5056 334.3638 0004499 250.8240 296.0517  0.98631584196601
GORIZONT 5 [-]          
1 13092U 82020A   16065.87878793 -.00000101  00000-0  00000+0 0  9994
2 13092  15.1863 339.2353 0034136 153.8456  13.1269  0.98532094 84574
GORIZONT 6 [-]          
1 13624U 82103A   16073.18091242 -.00000271  00000-0  00000-0 0  9995
2 13624  14.0379 339.0345 0003674 203.1452 333.5863  1.00370952 83364
GORIZONT 7 [-]          
1 14160U 83066A   16075.01772654 -.00000061  00000-0  00000+0 0  9993
2 14160  15.1506 346.5719 0014083 247.7087 350.4617  0.98346910117946
GORIZONT 8 [-]          
1 14532U 83118A   16074.51094404 -.00000046  00000-0  00000+0 0  9991
2 14532  15.1906 348.1300 0025042  92.7989 151.0701  0.98268536 83716
GORIZONT 9 [-]          
1 14940U 84041A   16074.98586671 -.00000222  00000-0  00000+0 0  9999
2 14940  14.4428 346.8724 0007466 190.5429  76.7398  1.00229952 84451
GORIZONT 10 [-]         
1 15144U 84078A   16075.47009900  .00000087  00000-0  00000+0 0  9994
2 15144  14.4615 347.8642 0004488 234.6772 322.7310  1.00328941117046
GORIZONT 11 [-]         
1 15484U 85007A   16075.07460667 -.00000115  00000-0  00000+0 0  9994
2 15484  14.4871 349.6109 0002256 194.6112   7.0790  1.00261384115061
GORIZONT 12 [-]         
1 16769U 86044A   16070.86897648  .00000109  00000-0  00000-0 0  9991
2 16769  14.6834 354.4907 0005246 218.0993 308.6732  1.00267236109655
GORIZONT 13 [-]         
1 17083U 86090A   16074.33267304 -.00000185  00000-0  00000+0 0  9992
2 17083  16.0531   0.1846 0017214 266.2652 197.1084  0.96726682 82422
GORIZONT 14 [-]         
1 17969U 87040A   16074.12951081 -.00000079  00000-0  00000+0 0  9992
2 17969  15.7162 352.6539 0028843 119.3828  12.2805  0.97657409 83259
GORIZONT 15 [-]         
1 19017U 88028A   16073.97864324 -.00000104  00000-0  00000+0 0  9999
2 19017  16.0145   3.6564 0033907  99.7899 100.8263  0.97827918 82825
GORIZONT 16 [-]         
1 19397U 88071A   16073.31142350 -.00000206  00000-0  00000+0 0  9997
2 19397  14.9389   2.6626 0012055 337.1143 218.6823  0.99967597100756
GORIZONT 17 [-]         
1 19765U 89004A   16075.44220164 -.00000227  00000-0  00000+0 0  9992
2 19765  15.2038   5.4939 0018390  74.6792 195.9925  0.99066071 98460
GORIZONT 18 [-]         
1 20107U 89052A   16074.22120449 -.00000106  00000-0  00000+0 0  9993
2 20107  15.1141   6.8802 0038115 250.3688   6.7053  0.99403066 97160
GORIZONT 19 [-]         
1 20263U 89081A   16074.79641200 -.00000391  00000-0  00000+0 0  9999
2 20263  14.8937   6.3877 0006230 209.2003 357.6509  1.00282508 96922
GORIZONT 20 [-]         
1 20659U 90054A   16074.79170686 -.00000317  00000-0  00000+0 0  9993
2 20659  15.0495   9.3625 0007510 150.9041  34.6190  1.00270214 94122
GORIZONT 21 [-]         
1 20923U 90094A   16074.97562074  .00000047  00000-0  00000+0 0  9996
2 20923  14.9863  10.1759 0007127 184.5777  20.5143  1.00383626 92878
GORIZONT 22 [-]         
1 20953U 90102A   16073.95181851  .00000023  00000-0  00000-0 0  9991
2 20953  14.9094  10.4493 0005105 240.0504 323.9959  1.00159428 92792
GORIZONT 23 [-]         
1 21533U 91046A   16073.14587399 -.00000044  00000-0  00000+0 0  9995
2 21533  15.2953  14.0938 0008187 231.9067  12.0071  0.98907828 83652
GORIZONT 24 [-]         
1 21759U 91074A   16074.83296753 -.00000058  00000-0  00000+0 0  9999
2 21759  15.2762  15.6474 0021379 172.0530  17.7987  0.98441436 88156
GORIZONT 25 [-]         
1 21922U 92017A   16074.09824605 -.00000152  00000-0  00000+0 0  9995
2 21922  14.8544  15.5159 0023572  12.6159 174.6892  0.99858052 87517
GORIZONT 26 [-]         
1 22041U 92043A   16074.18261664 -.00000288  00000-0  00000+0 0  9997
2 22041  14.8452  17.1005 0034021 176.0149  14.0874  0.99245497 86307
GORIZONT 27 [-]         
1 22245U 92082A   16073.78436245 -.00000339  00000-0  00000+0 0  9997
2 22245  14.7671  17.3714 0013109 281.4261 259.1631  1.00153982 89603
GORIZONT 28 [-]         
1 22880U 93069A   16073.96334625 -.00000091  00000-0  00000-0 0  9993
2 22880  14.5457  20.7020 0030503  73.4626 149.6935  0.99646712 81783
GORIZONT 29 [-]         
1 22907U 93072A   16073.97833578  .00000105  00000-0  00000+0 0  9993
2 22907  14.4971  20.4707 0012711 259.8446 284.6862  1.00126264 81678
GORIZONT 30 [-]         
1 23108U 94030A   16074.18495279 -.00000272  00000-0  00000+0 0  9994
2 23108  14.4127  21.4750 0004911 193.1752 350.9504  1.00230044 79913
GORIZONT 31 [-]         
1 23775U 96005A   16075.46030949  .00000015  00000-0  00000+0 0  9993
2 23775  13.7393  26.9459 0021986 147.7068  43.3178  0.99884010 73629
GORIZONT 32 [-]         
1 23880U 96034A   16075.31506940 -.00000262  00000-0  00000+0 0  9990
2 23880  13.6312  27.6330 0010236 256.4895 284.5596  1.00151954 72511
GORIZONT 33 [-]         
1 26372U 00029A   16073.86458529 -.00000371  00000-0  00000-0 0  9997
2 26372  11.3556  36.8760 0001276 180.7920  33.1446  1.00336236 57856
