APRIZESAT 2             
1 28366U 04025A   16074.37037466  .00000111  00000-0  49565-4 0  9996
2 28366  98.3385 356.7314 0107628 346.6400  13.1942 14.36536707613573
SAUDICOMSAT 1           
1 28369U 04025D   16075.14680946  .00000253  00000-0  72691-4 0  9995
2 28369  98.1331  33.8308 0033771   1.8138 358.3174 14.52238129620165
SAUDICOMSAT 2           
1 28370U 04025E   16075.14841235  .00000240  00000-0  76255-4 0  9993
2 28370  98.2465  24.4509 0059171 109.9616 250.7963 14.47196483618076
APRIZESAT 1             
1 28372U 04025G   16075.09119346  .00000181  00000-0  57965-4 0  9991
2 28372  98.1964  28.3408 0047615  57.7243 302.8552 14.49409289619064
NANOSAT-1               
1 28493U 04049B   16074.70066364  .00000284  00000-0  52275-4 0  9992
2 28493  98.2621 131.7965 0005152  38.4518 321.7055 14.73131282603273
SAUDICOMSAT 7           
1 31119U 07012C   16074.90040528  .00000331  00000-0  74150-4 0  9999
2 31119  97.8873  51.4361 0061676  69.3368 291.4432 14.61438849474873
SAUDICOMSAT 6           
1 31121U 07012E   16075.46471501  .00000293  00000-0  70397-4 0  9999
2 31121  97.9516  42.8941 0078053 121.0291 239.8603 14.58246110473944
SAUDICOMSAT 5           
1 31124U 07012H   16074.88017757  .00000376  00000-0  80605-4 0  9991
2 31124  97.8519  57.0236 0052875  42.9863 317.5452 14.63113487475386
SAUDICOMSAT 3           
1 31125U 07012J   16075.20071374  .00000464  00000-0  94421-4 0  9993
2 31125  97.8183  63.1909 0043940  16.5375 343.7250 14.64815945475956
SAUDICOMSAT 4           
1 31127U 07012L   16074.49858120  .00000261  00000-0  61909-4 0  9997
2 31127  97.9181  46.7458 0069724  95.7689 265.1467 14.59952306474333
APRIZESAT 4             
1 35684U 09041D   16074.78572425  .00000319  00000-0  49946-4 0  9997
2 35684  98.0894   7.4977 0048424 136.2817 276.8301 14.78839791357234
APRIZESAT 3             
1 35686U 09041F   16074.88454010  .00000755  00000-0  87339-4 0  9991
2 35686  98.2366  50.2115 0074908  66.6376 294.2696 14.86792159358938
AISSAT 1                
1 36797U 10035C   16075.32684482  .00000955  00000-0  11700-3 0  9998
2 36797  98.0124 179.3967 0012398  58.2085 302.0335 14.85478690307177
