BEIDOU G1               
1 36287U 10001A   17009.39936755 -.00000292  00000-0  10000-3 0  9990
2 36287   0.0000  10.3623 0004989 238.8905 143.5497  1.00264855 25620
BEIDOU G3               
1 36590U 10024A   17008.71426568 -.00000359  00000-0  00000+0 0  9992
2 36590   0.0000  30.4971 0006503 301.0663 144.4852  1.00265157 24224
BEIDOU G4               
1 37210U 10057A   17009.76517819 -.00000119  00000-0  00000+0 0  9998
2 37210   0.0000  46.1083 0007525 190.9627 307.9264  1.00271326 22734
BEIDOU G5               
1 38091U 12008A   17009.85945444  .00000048  00000-0  00000+0 0  9993
2 38091   0.0000  53.6620 0004679 217.1547 206.9232  1.00267131 17933
BEIDOU G6               
1 38953U 12059A   17008.96533279 -.00000182  00000-0  10000-3 0  9991
2 38953   0.0000  79.6891 0006469 175.2506 285.3795  1.00272214 15499
BEIDOU G7               
1 41586U 16037A   17009.16435464 -.00000252  00000-0  00000+0 0  9990
2 41586   0.0000 311.8554 0004236 310.1648  50.5871  1.00268834  2249
BEIDOU IGSO 1           
1 36828U 10036A   17009.90795148 -.00000064  00000-0  10000-3 0  9992
2 36828  55.0000 178.0000 0000450 221.4143 139.7624  1.00278187 23673
BEIDOU IGSO 2           
1 37256U 10068A   17009.89301716 -.00000249  00000-0  10000-3 0  9990
2 37256  55.0000 300.0000 0001365 209.0536  28.3543  1.00283937 22258
BEIDOU IGSO 3           
1 37384U 11013A   17009.03398144 -.00000210  00000-0  10000-3 0  9998
2 37384  55.0000  59.0000 0006875 209.7160 314.0826  1.00251542 21125
BEIDOU IGSO 4           
1 37763U 11038A   17009.10514126 -.00000001  00000-0  10000-3 0  9992
2 37763  55.0000 178.0000 0001241 208.0441 196.9229  1.00272410 20091
BEIDOU IGSO 5           
1 37948U 11073A   17009.51158936 -.00000187  00000-0  10000-3 0  9999
2 37948  55.0000 300.0000 0004699 174.9634 227.2747  1.00288198 18851
BEIDOU IGSO 6           
1 41434U 16021A   17009.02908030 -.00000165  00000-0  10000-3 0  9992
2 41434  55.0000  59.0000 0008421 182.1424 317.9208  1.00264565  2930
BEIDOU I1-S             
1 40549U 15019A   17009.01318221 -.00000194  00000-0  00000+0 0  9997
2 40549  55.0000 300.0000 0009712 174.9958  49.1751  1.00274018  6527
BEIDOU I2-S             
1 40938U 15053A   17009.01361186 -.00000171  00000-0  00000+0 0  9990
2 40938  55.0000 300.0000 0006261 174.3195  96.1395  1.00285823  4805
BEIDOU MX             
1 41315U 16006A   17009.43246142  .00000080  00000-0  00000+0 0  9997
2 41315  55.0000 178.0000 0001122 336.0208  16.4401  1.86235513  6439
BEIDOU MX             
1 41315U 16006A   17009.43246142  .00000080  00000-0  00000+0 0  9997
2 41315  55.0000 178.0000 0001122 336.0208  56.4401  1.86235513  6439
BEIDOU MX             
1 41315U 16006A   17009.43246142  .00000080  00000-0  00000+0 0  9997
2 41315  55.0000 178.0000 0001122 336.0208  96.4401  1.86235513  6439
BEIDOU MX             
1 41315U 16006A   17009.43246142  .00000080  00000-0  00000+0 0  9997
2 41315  55.0000 178.0000 0001122 336.0208 136.4401  1.86235513  6439
BEIDOU MX             
1 41315U 16006A   17009.43246142  .00000080  00000-0  00000+0 0  9997
2 41315  55.0000 178.0000 0001122 336.0208 176.4401  1.86235513  6439
BEIDOU MX             
1 41315U 16006A   17009.43246142  .00000080  00000-0  00000+0 0  9997
2 41315  55.0000 178.0000 0001122 336.0208 216.4401  1.86235513  6439
BEIDOU MX             
1 41315U 16006A   17009.43246142  .00000080  00000-0  00000+0 0  9997
2 41315  55.0000 178.0000 0001122 336.0208 256.4401  1.86235513  6439
BEIDOU MX             
1 41315U 16006A   17009.43246142  .00000080  00000-0  00000+0 0  9997
2 41315  55.0000 178.0000 0001122 336.0208 296.4401  1.86235513  6439
BEIDOU MX             
1 41315U 16006A   17009.43246142  .00000080  00000-0  00000+0 0  9997
2 41315  55.0000 178.0000 0001122 336.0208 336.4401  1.86235513  6439
BEIDOU MY              
1 38251U 12018B   17008.86259725 -.00000049  00000-0  10000-3 0  9999
2 38251  55.0000  59.0000 0007291 215.8481  92.5249  1.86233882 32107
BEIDOU MY              
1 38251U 12018B   17008.86259725 -.00000049  00000-0  10000-3 0  9999
2 38251  55.0000  59.0000 0007291 215.8481 132.5249  1.86233882 32107
BEIDOU MY              
1 38251U 12018B   17008.86259725 -.00000049  00000-0  10000-3 0  9999
2 38251  55.0000  59.0000 0007291 215.8481 172.5249  1.86233882 32107
BEIDOU MY              
1 38251U 12018B   17008.86259725 -.00000049  00000-0  10000-3 0  9999
2 38251  55.0000  59.0000 0007291 215.8481 212.5249  1.86233882 32107
BEIDOU MY              
1 38251U 12018B   17008.86259725 -.00000049  00000-0  10000-3 0  9999
2 38251  55.0000  59.0000 0007291 215.8481 252.5249  1.86233882 32107
BEIDOU MY              
1 38251U 12018B   17008.86259725 -.00000049  00000-0  10000-3 0  9999
2 38251  55.0000  59.0000 0007291 215.8481 292.5249  1.86233882 32107
BEIDOU MY              
1 38251U 12018B   17008.86259725 -.00000049  00000-0  10000-3 0  9999
2 38251  55.0000  59.0000 0007291 215.8481 332.5249  1.86233882 32107
BEIDOU MY              
1 38251U 12018B   17008.86259725 -.00000049  00000-0  10000-3 0  9999
2 38251  55.0000  59.0000 0007291 215.8481  12.5249  1.86233882 32107
BEIDOU MY              
1 38251U 12018B   17008.86259725 -.00000049  00000-0  10000-3 0  9999
2 38251  55.0000  59.0000 0007291 215.8481  52.5249  1.86233882 32107
BEIDOU MZ             
1 38251U 12018B   17008.86259725 -.00000049  00000-0  10000-3 0  9999
2 38251  55.0000 300.0000 0007291 215.8481   8.5249  1.86233882 32107
BEIDOU MZ             
1 38251U 12018B   17008.86259725 -.00000049  00000-0  10000-3 0  9999
2 38251  55.0000 300.0000 0007291 215.8481  48.5249  1.86233882 32107
BEIDOU MZ             
1 38251U 12018B   17008.86259725 -.00000049  00000-0  10000-3 0  9999
2 38251  55.0000 300.0000 0007291 215.8481  88.5249  1.86233882 32107
BEIDOU MZ             
1 38251U 12018B   17008.86259725 -.00000049  00000-0  10000-3 0  9999
2 38251  55.0000 300.0000 0007291 215.8481 128.5249  1.86233882 32107
BEIDOU MZ             
1 38251U 12018B   17008.86259725 -.00000049  00000-0  10000-3 0  9999
2 38251  55.0000 300.0000 0007291 215.8481 168.5249  1.86233882 32107
BEIDOU MZ             
1 38251U 12018B   17008.86259725 -.00000049  00000-0  10000-3 0  9999
2 38251  55.0000 300.0000 0007291 215.8481 208.5249  1.86233882 32107
BEIDOU MZ             
1 38251U 12018B   17008.86259725 -.00000049  00000-0  10000-3 0  9999
2 38251  55.0000 300.0000 0007291 215.8481 248.5249  1.86233882 32107
BEIDOU MZ             
1 38251U 12018B   17008.86259725 -.00000049  00000-0  10000-3 0  9999
2 38251  55.0000 300.0000 0007291 215.8481 288.5249  1.86233882 32107
BEIDOU MZ             
1 38251U 12018B   17008.86259725 -.00000049  00000-0  10000-3 0  9999
2 38251  55.0000 300.0000 0007291 215.8481 328.5249  1.86233882 32107