BEIDOU G1               
1 36287U 10001A   17144.29270449 -.00000290  00000-0  00000-0 0  9994
2 36287   1.4923 358.6260 0002626 165.9909 322.8102  1.00276352 26970
BEIDOU G3               
1 36590U 10024A   17143.91772940 -.00000360  00000-0  00000-0 0  9995
2 36590   1.3316  20.3260 0005647 327.3874 334.9259  1.00275563 25571
BEIDOU IGSO 1           
1 36828U 10036A   17144.59447181 -.00000082  00000-0  10000-3 0  9998
2 36828  54.1779 193.7208 0058170 227.4821 154.0046  1.00286749 25025
BEIDOU G4               
1 37210U 10057A   17144.50049322 -.00000118  00000-0  00000-0 0  9999
2 37210   1.0095  55.9774 0003977 156.6254   9.8309  1.00270412 24093
BEIDOU IGSO 2           
1 37256U 10068A   17144.39399054 -.00000233  00000-0  10000-3 0  9990
2 37256  53.1638 311.5321 0054696 202.7444 347.6945  1.00295047 23607
BEIDOU IGSO 3           
1 37384U 11013A   17144.46779597 -.00000210  00000-0  10000-3 0  9990
2 37384  57.7982  73.1837 0026913 211.7441 246.6533  1.00268603 22486
BEIDOU IGSO 4           
1 37763U 11038A   17144.42885162 -.00000030  00000-0  10000-3 0  9990
2 37763  54.4847 196.0824 0046976 215.9921  79.9510  1.00279958 21444
BEIDOU IGSO 5           
1 37948U 11073A   17144.56641222 -.00000166  00000-0  10000-3 0  9996
2 37948  53.2410 311.0051 0044649 202.4966  26.2613  1.00259965 20206
BEIDOU G5               
1 38091U 12008A   17144.59652233  .00000048  00000-0  00000-0 0  9996
2 38091   2.1771  55.8157 0002187 233.2146 226.9611  1.00278342 19285
BEIDOU M3               
1 38250U 12018A   17144.46049348 -.00000063  00000-0  10000-3 0  9999
2 38250  56.2292  54.9338 0022198 228.0146 224.7518  1.86234587 34632
BEIDOU M4               
1 38251U 12018B   17144.17624463 -.00000064  00000-0  10000-3 0  9996
2 38251  56.1673  54.3765 0024299 221.1894  89.2249  1.86233949 34626
BEIDOU M6               
1 38775U 12050B   17144.53564772  .00000099  00000-0  00000-0 0  9992
2 38775  54.8410 174.0834 0022313 235.4551 151.5517  1.86233150 32017
BEIDOU G6               
1 38953U 12059A   17144.60283191 -.00000181  00000-0  10000-3 0  9997
2 38953   1.6066  80.0784 0003308 164.0410 299.3274  1.00273694 16854
BEIDOU I1-S             
1 40549U 15019A   17144.34202068 -.00000155  00000-0  00000-0 0  9992
2 40549  54.4228 334.0419 0039801 185.9885 296.6443  1.00298374  7889
BEIDOU-3 M1             
1 40748U 15037A   17144.30753770 -.00000065  00000-0  00000-0 0  9990
2 40748  55.4351  54.3523 0007818 286.2659  21.9590  1.86237574 12453
BEIDOU-3 M2             
1 40749U 15037B   17144.35253020 -.00000065  00000-0  00000-0 0  9999
2 40749  55.4356  54.3386 0008157 296.7550 179.7880  1.86232530 12450
BEIDOU I2-S             
1 40938U 15053A   17144.49890366 -.00000159  00000-0  00000-0 0  9996
2 40938  54.2413 296.9379 0048988 172.3027  46.0017  1.00257596  6165
BEIDOU M3-S             
1 41315U 16006A   17144.15546968  .00000103  00000-0  00000-0 0  9992
2 41315  55.0271 174.3219 0003482 292.7956  67.2477  1.86235589  8930
BEIDOU IGSO 6           
1 41434U 16021A   17144.32198020 -.00000168  00000-0  10000-3 0  9998
2 41434  55.5117  72.6602 0026675 184.5259 196.6324  1.00275659  4296
BEIDOU G7               
1 41586U 16037A   17143.80633286 -.00000253  00000-0  00000-0 0  9994
2 41586   1.2784 316.8269 0001816 280.6174  79.0067  1.00270248  3597
