BEIDOU 2A               
1 31115U 07011A   14049.10900906 -.00000062  00000-0  00000+0 0  1016
2 31115  53.4752   6.9465 0002764 283.3632  76.5999  1.77348073 46550
BEIDOU G1               
1 36287U 10001A   14049.67248604 -.00000289  00000-0  10000-3 0  1809
2 36287   0.0000   2.6337 0002888 212.0620 315.8208  1.00266896 15036
BEIDOU G3               
1 36590U 10024A   14050.55086568 -.00000359  00000-0  00000+0 0   339
2 36590   0.0000  22.7399 0004450 315.4423 119.9796  1.00268901 13651
BEIDOU IGSO 1           
1 36828U 10036A   14049.91670188 -.00000121  00000-0  10000-3 0  9455
2 36828  54.4571 205.5786 0033365 184.0569 210.3090  1.00268722 13086
BEIDOU G4               
1 37210U 10057A   14050.52571096 -.00000116  00000-0  10000-3 0  8870
2 37210   0.0000  46.7034 0005077 179.2556 272.6942  1.00272799 12177
BEIDOU IGSO 2           
1 37256U 10068A   14050.53647966 -.00000224  00000-0  10000-3 0  8547
2 37256  54.4570 325.2844 0021484 198.9079 298.5749  1.00277463 11679
BEIDOU IGSO 3           
1 37384U 11013A   14049.91772613 -.00000139  00000-0  10000-3 0  7654
2 37384  56.3893  85.6940 0026618 184.1125 329.4293  1.00287088 10544
BEIDOU IGSO 4           
1 37763U 11038A   14050.13196669 -.00000056  00000-0  10000-3 0  6139
2 37763  54.7742 205.5786 0033365 186.5245 256.7772  1.00261307  9517
BEIDOU IGSO 5           
1 37948U 11073A   14049.01426403 -.00000163  00000-0  10000-3 0  5969
2 37948  54.5646 325.2844 0023874 197.7318  85.1614  1.00285692  8257
BEIDOU G5               
1 38091U 12008A   14049.81142150  .00000052  00000-0  00000+0 0  5679
2 38091   0.0000 342.1174 0000426 118.9032  38.5186  1.00276632  7346
BEIDOU M3               
1 38250U 12018A   14050.66568148  .00000006  00000-0  10000-3 0  5765
2 38250  55.4576  94.5745 0025154 199.6561 306.6585  1.86233495 12475
BEIDOU M4               
1 38251U 12018B   14050.05816448  .00000007  00000-0  10000-3 0  5882
2 38251  55.3925  94.5745 0028074 193.0585 310.8684  1.86234281 12464
BEIDOU M5               
1 38774U 12050A   14050.76525946  .00000069  00000-0  00000+0 0  4484
2 38774  54.8320 214.3113 0024051 185.1210 222.9530  1.86232827  9865
BEIDOU M6               
1 38775U 12050B   14050.43253464  .00000067  00000-0  00000+0 0  4547
2 38775  54.9360 214.3113 0015974 204.6831  25.6887  1.86233105  9840
BEIDOU G6               
1 38953U 12059A   14050.74048813 -.00000142  00000-0  10000-3 0  3794
2 38953   0.0000 278.4628 0001937  58.7671 158.9527  1.00273486  4937
