COSMOS 2419 (714)       
1 28915U 05050A   17144.37685216 -.00000036  00000-0  00000-0 0  9990
2 28915  65.4855  66.6537 0017381 351.6123 183.0671  2.13108850 88824
COSMOS 2425 (716)       
1 29670U 06062A   17144.13139942 -.00000021  00000-0  10000-3 0  9995
2 29670  65.4733 305.6732 0021085 351.5684  47.1126  2.13104941 81025
COSMOS 2426 (717)       
1 29671U 06062B   17144.09383557 -.00000020  00000-0  10000-3 0  9993
2 29671  65.4926 305.7635 0017749 158.0766  70.2938  2.13102953 81025
COSMOS 2424 (715)       
1 29672U 06062C   17144.28955528 -.00000022  00000-0  10000-3 0  9990
2 29672  65.4759 305.6790 0017238 156.7387  37.1341  2.13102266 81025
COSMOS 2433 (720)       
1 32275U 07052A   17144.40397480 -.00000036  00000-0  10000-3 0  9999
2 32275  65.5008  66.4307 0003655 298.5039 141.4153  2.13104657 74544
COSMOS 2432 (719)       
1 32276U 07052B   17144.49360021 -.00000036  00000-0  10000-3 0  9990
2 32276  65.5127  66.4989 0013504 336.2394 125.3699  2.13104143 74547
COSMOS 2434 (721)       
1 32393U 07065A   17144.41938503 -.00000023  00000-0  00000-0 0  9994
2 32393  65.0914 304.8230 0006004 102.1277 239.3212  2.13102912 73246
COSMOS 2436 (723)       
1 32395U 07065C   17144.37313412 -.00000023  00000-0  10000-3 0  9991
2 32395  65.1004 304.8704 0015250   8.1997 346.3357  2.13104313 73170
COSMOS 2443 (725)       
1 33379U 08046B   17144.20574564 -.00000036  00000-0  00000-0 0  9993
2 33379  65.4293  65.8232 0011282 182.3024   6.4765  2.13099459 67403
COSMOS 2456 (730)       
1 36111U 09070A   17144.44965227  .00000100  00000-0  00000-0 0  9995
2 36111  64.1786 184.3890 0005895 301.0776 234.6040  2.13102971 57917
COSMOS 2457 (733)       
1 36112U 09070B   17144.37452722  .00000100  00000-0  00000-0 0  9999
2 36112  64.1613 184.3101 0006322 186.3361  60.3794  2.13101625 57917
COSMOS 2458 (734)       
1 36113U 09070C   17144.30962360  .00000100  00000-0  10000-3 0  9991
2 36113  64.1672 184.3215 0002261 307.3262 297.5609  2.13102117 57918
COSMOS 2459 (731)       
1 36400U 10007A   17144.49135462 -.00000036  00000-0  10000-3 0  9996
2 36400  65.4100  65.5361 0029535 351.7416  17.4910  2.13102329 56273
COSMOS 2461 (735)       
1 36401U 10007B   17144.26646566 -.00000037  00000-0  10000-3 0  9995
2 36401  65.4026  65.5228 0007007  50.1373  57.1663  2.13102354 56268
COSMOS 2460 (732)       
1 36402U 10007C   17144.30898720 -.00000037  00000-0  10000-3 0  9992
2 36402  65.3922  65.4931 0002242 344.7921 196.4613  2.13101802 56269
COSMOS 2465 (737)       
1 37138U 10041B   17144.38976153 -.00000024  00000-0  00000-0 0  9994
2 37138  64.6893 304.8235 0035450 168.9217 194.5197  2.13104241 52344
COSMOS 2464 (736)       
1 37139U 10041C   17144.18818740 -.00000023  00000-0  00000-0 0  9999
2 37139  64.6958 304.8302 0023759  17.3003  14.5225  2.13102639 52332
COSMOS 2471 (701K)      
1 37372U 11009A   17144.30470782 -.00000037  00000-0  00000-0 0  9992
2 37372  65.3914  65.4417 0007674 245.4342  68.1732  2.13107613 48538
COSMOS 2474 (742)       
1 37829U 11055A   17144.41692943  .00000100  00000-0  00000-0 0  9997
2 37829  64.5036 184.9448 0010250 253.1308 117.3460  2.13101987 43914
COSMOS 2476 (744)       
1 37867U 11064A   17144.40430037  .00000100  00000-0  00000-0 0  9992
2 37867  64.4828 185.0200 0019457 246.3449 160.3813  2.13102097 43261
COSMOS 2477 (745)       
1 37868U 11064B   17144.19396905  .00000101  00000-0  00000-0 0  9995
2 37868  64.4920 185.0690 0017262 247.7767 176.7158  2.13101847 43218
COSMOS 2475 (743)       
1 37869U 11064C   17144.44734277  .00000100  00000-0  00000-0 0  9991
2 37869  64.4989 185.0512 0022289 271.3991 303.8522  2.13102031 43229
COSMOS 2485 (747)       
1 39155U 13019A   17144.41128023  .00000100  00000-0  00000-0 0  9996
2 39155  64.6521 185.0404 0019665 241.4873 215.6172  2.13102057 31736
COSMOS 2492 (754)       
1 39620U 14012A   17144.38370791 -.00000037  00000-0  10000-3 0  9998
2 39620  65.2820  65.4315 0016955 332.5805 137.4812  2.13103461 24688
COSMOS 2500 (755)       
1 40001U 14032A   17144.48367236 -.00000037  00000-0  00000-0 0  9992
2 40001  65.2232  65.4278 0004739 226.6370 183.1947  2.13102901 22903
COSMOS 2501 (702K)      
1 40315U 14075A   17144.24636086 -.00000024  00000-0  00000-0 0  9999
2 40315  64.4225 306.1779 0014191 204.1204 190.0208  2.13098585 19304
COSMOS 2514 (751)       
1 41330U 16008A   17144.35523194 -.00000037  00000-0  00000-0 0  9996
2 41330  65.0237  65.5810 0008181 228.5729 262.6574  2.13103488 10063
COSMOS 2516 (753)       
1 41554U 16032A   17144.38938919 -.00000024  00000-0  00000-0 0  9995
2 41554  64.6439 305.9314 0010171 213.9460 196.2090  2.13101569  7678
