COSMOS 2413 (712)       
1 28509U 04053B   14104.46232229  .00000002  00000-0  10000-3 0  5976
2 28509  63.1789 223.3237 0005776 154.4618 130.2527  2.13100530 72360
COSMOS 2419 (714)       
1 28915U 05050A   14103.08062215  .00000083  00000-0  00000+0 0  3532
2 28915  63.1789 104.8399 0017517 342.4855 311.0835  2.13108241 64589
COSMOS 2425 (716)       
1 29670U 06062A   14103.66564748 -.00000027  00000-0  10000-3 0   617
2 29670  63.1789 343.8264 0023410 349.5709 104.3218  2.13105036 56806
COSMOS 2426 (717)       
1 29671U 06062B   14104.28689307 -.00000025  00000-0  10000-3 0   838
2 29671  63.1789 343.8703 0015251 160.6417 276.4852  2.13103086 56822
COSMOS 2424 (715)       
1 29672U 06062C   14104.04919171 -.00000025  00000-0  10000-3 0   849
2 29672  63.1789 343.8211 0014819 159.0694 274.2625  2.13102026 56817
COSMOS 2433 (720)       
1 32275U 07052A   14104.19974421  .00000078  00000-0  10000-3 0  8033
2 32275  63.1789 104.8399 0005239 271.2486  62.0970  2.13105114 50323
COSMOS 2432 (719)       
1 32276U 07052B   14103.40326984  .00000082  00000-0  10000-3 0  7946
2 32276  63.1789 104.8399 0014019 329.2888  68.6299  2.13104467 50312
COSMOS 2434 (721)       
1 32393U 07065A   14103.96814860 -.00000026  00000-0  00000+0 0  6400
2 32393  63.1789 343.5158 0004668  84.1993 331.2421  2.13102730 49035
COSMOS 2435 (722)       
1 32394U 07065B   14103.65435722 -.00000027  00000-0  10000-3 0  5521
2 32394  63.1789 343.5218 0021652   0.6439 134.0392  2.13111899 48965
COSMOS 2436 (723)       
1 32395U 07065C   14103.57841141 -.00000028  00000-0  10000-3 0  5508
2 32395  63.1789 343.5574 0018837 357.2180 211.1497  2.13102896 48953
COSMOS 2442 (724)       
1 33378U 08046A   14104.28875463  .00000077  00000-0  10000-3 0  5821
2 33378  63.1789 104.8399 0025013 326.2821 128.9214  2.13103711 43196
COSMOS 2443 (725)       
1 33379U 08046B   14104.11865078  .00000078  00000-0  10000-3 0  5714
2 33379  63.1789 104.8399 0018943 193.2754 352.7600  2.13101581 43193
COSMOS 2456 (730)       
1 36111U 09070A   14103.97741181 -.00000004  00000-0  00000+0 0  2677
2 36111  63.1789 223.3237 0004166 334.1771 253.3564  2.13101795 33694
COSMOS 2457 (733)       
1 36112U 09070B   14104.17362249 -.00000002  00000-0  00000+0 0  2482
2 36112  63.1789 223.3237 0007070 150.7800   1.5330  2.13101468 33704
COSMOS 2458 (734)       
1 36113U 09070C   14104.15939692 -.00000002  00000-0  10000-3 0  2613
2 36113  63.1789 223.3237 0002028  49.5922 138.1102  2.13101954 33708
COSMOS 2459 (731)       
1 36400U 10007A   14103.89819319  .00000078  00000-0  10000-3 0  1876
2 36400  63.1789 104.8399 0030759 348.6967 345.7465  2.13102515 32047
COSMOS 2461 (735)       
1 36401U 10007B   14104.03543294  .00000078  00000-0  10000-3 0  1724
2 36401  63.1789 104.8399 0003054  61.9964 288.1829  2.13102568 32049
COSMOS 2460 (732)       
1 36402U 10007C   14103.65625514  .00000079  00000-0  10000-3 0  1853
2 36402  63.1789 104.8399 0002767 271.6317 190.7273  2.13102150 32043
COSMOS 2466 (738)       
1 37137U 10041A   14103.40528725 -.00000030  00000-0  10000-3 0   594
2 37137  63.1789 344.0506 0019553 147.6832  59.9128  2.13102349 28112
COSMOS 2465 (737)       
1 37138U 10041B   14103.55383403 -.00000029  00000-0  00000+0 0   631
2 37138  63.1789 344.1027 0033043 165.1200 338.0733  2.13102804 28116
COSMOS 2464 (736)       
1 37139U 10041C   14103.47982428 -.00000030  00000-0  00000+0 0   479
2 37139  63.1789 344.0951 0023366  15.2059 205.7711  2.13102860 28110
COSMOS 2471 (701K)      
1 37372U 11009A   14103.59317141  .00000080  00000-0  10000-3 0  9287
2 37372  63.1789 104.8399 0007784 250.0218 287.2042  2.13112507 24329
COSMOS 2474 (742)       
1 37829U 11055A   14104.04175272 -.00000003  00000-0  00000+0 0  7563
2 37829  63.1789 223.3237 0006560 259.5686 242.4208  2.13101874 19691
COSMOS 2476 (744)       
1 37867U 11064A   14103.63404156 -.00000007  00000-0  00000+0 0  7109
2 37867  63.1789 223.3237 0015146 254.3830 340.2847  2.13102013 19033
COSMOS 2477 (745)       
1 37868U 11064B   14104.21340638 -.00000002  00000-0  00000+0 0  7148
2 37868  63.1789 223.3237 0013194 256.0548 242.8238  2.13101864 19006
COSMOS 2475 (743)       
1 37869U 11064C   14104.45993598  .00000001  00000-0  00000+0 0  7085
2 37869  63.1789 223.3237 0020387 284.2326 359.3456  2.13101983 19017
COSMOS 2478 (746)       
1 37938U 11071A   14104.14944480  .00000077  00000-0  00000+0 0  6949
2 37938  63.1789 104.8399 0015286 246.5624 144.4728  2.13102526 18624
COSMOS 2485 (747)       
1 39155U 13019A   14104.21171087 -.00000001  00000-0  00000+0 0  2819
2 39155  63.1789 223.3237 0015193 248.2801 114.9076  2.13102073  7523
COSMOS 2491 (754)       
1 39620U 14012A   14104.28340315  .00000077  00000-0  10000-3 0   218
2 39620  63.1789 104.8399 0018191 328.8941 119.4667  2.13103807   490
