IRIDIUM 8 [+]           
1 24792U 97020A   17144.58499254 -.00000029  00000-0 -17392-4 0  9994
2 24792  86.3933 328.5610 0002070  88.4513 271.6920 14.34218033 49583
IRIDIUM 7 [+]           
1 24793U 97020B   17144.57865064 -.00000029  00000-0 -17351-4 0  9995
2 24793  86.3940 328.8463 0002078  86.5855 273.5578 14.34217687 49581
IRIDIUM 6 [+]           
1 24794U 97020C   17144.57222740 -.00000058  00000-0 -27692-4 0  9995
2 24794  86.3937 328.7798 0002125  85.8334 274.3104 14.34216079 49572
IRIDIUM 5 [+]           
1 24795U 97020D   17144.56596285 -.00000031  00000-0 -17956-4 0  9996
2 24795  86.3928 328.7965 0002080  83.5626 276.5807 14.34217726 49853
IRIDIUM 4 [-]           
1 24796U 97020E   17144.57765015  .00000116  00000-0  33807-4 0  9992
2 24796  86.3933 327.7387 0002171  91.9649 329.5648 14.35154228 49913
IRIDIUM 914 [-]         
1 24836U 97030A   17144.61609758  .00000130  00000-0  35792-4 0  9995
2 24836  86.3926 344.5468 0002519 129.8371 230.3050 14.38758574183457
IRIDIUM 12 [+]          
1 24837U 97030B   17144.59349126  .00000101  00000-0  29000-4 0  9996
2 24837  86.3960 359.9633 0002107  87.4827 331.3055 14.34219233 43281
IRIDIUM 10 [+]          
1 24839U 97030D   17144.57991260  .00000109  00000-0  31963-4 0  9997
2 24839  86.3960 359.9487 0002123  88.1744 325.9830 14.34219137 43557
IRIDIUM 13 [+]          
1 24840U 97030E   17144.58847341  .00000104  00000-0  30194-4 0  9990
2 24840  86.3962   0.0849 0001956  86.7200 273.4220 14.34218976 43562
IRIDIUM 16 [-]          
1 24841U 97030F   17144.03319287  .00000142  00000-0  41359-4 0  9991
2 24841  86.4041   0.1386 0003314  44.6808 315.4656 14.36709938 44113
IRIDIUM 911 [-]         
1 24842U 97030G   17144.56401828  .00000154  00000-0  38241-4 0  9992
2 24842  86.4467   0.7142 0014978 161.3252 198.8502 14.44958123 49535
IRIDIUM 15 [+]          
1 24869U 97034A   17144.58956116  .00000171  00000-0  49438-4 0  9991
2 24869  86.4210  31.9574 0002789  82.5492 277.6023 14.38640667 40272
IRIDIUM 17 [-]          
1 24870U 97034B   17144.61284183  .00000101  00000-0  28211-4 0  9994
2 24870  86.3988  30.0589 0000998  31.8691 328.2566 14.35756681 40792
IRIDIUM 920 [-]         
1 24871U 97034C   17144.59892431  .00000106  00000-0  27549-4 0  9991
2 24871  86.3990  16.3084 0013691  62.6508 297.6082 14.39469831 42691
IRIDIUM 18 [+]          
1 24872U 97034D   17144.23539286  .00000185  00000-0  53825-4 0  9992
2 24872  86.4238  32.0922 0002889  81.3066 278.8460 14.38619616 40470
IRIDIUM 921 [-]         
1 24873U 97034E   17144.53797311  .00000901  00000-0  51372-4 0  9992
2 24873  86.3949  77.1640 0010382  99.4529 260.7883 15.11316392 84527
IRIDIUM 26 [-]          
1 24903U 97043A   17144.32610038  .00000055  00000-0  12225-4 0  9997
2 24903  86.3970 264.7669 0002323  90.5151 326.0087 14.35256018 34552
IRIDIUM 25 [+]          
1 24904U 97043B   17144.55920298  .00000136  00000-0  41601-4 0  9995
2 24904  86.3961 265.2862 0002367  93.3682 266.7785 14.34218456 34448
IRIDIUM 46 [+]          
1 24905U 97043C   17144.43232820  .00000157  00000-0  49037-4 0  9994
2 24905  86.3984 265.3075 0002753  90.2069 269.9442 14.34213861 34423
IRIDIUM 23 [+]          
1 24906U 97043D   17144.36845124  .00000131  00000-0  39687-4 0  9996
2 24906  86.3974 265.4115 0002454  96.5372 326.6664 14.34218417 34422
IRIDIUM 22 [+]          
1 24907U 97043E   17144.40062853  .00000141  00000-0  43190-4 0  9997
2 24907  86.3970 266.0189 0002321  95.6294 264.5167 14.34217917 34425
DUMMY MASS 1 [-]        
1 24925U 97048A   17144.33024919  .00000074  00000-0  53199-5 0  9991
2 24925  86.3377  54.4167 0009071 117.5549 242.6598 14.85132859 67807
DUMMY MASS 2 [-]        
1 24926U 97048B   17144.29762187  .00000088  00000-0  70665-5 0  9995
2 24926  86.3377  55.5436 0009691 124.6173 235.5966 14.84900994 67643
IRIDIUM 29 [-]          
1 24944U 97051A   17144.46692841  .00000110  00000-0  31994-4 0  9994
2 24944  86.3939 296.7909 0001992  99.7057 260.4364 14.34627115 31039
IRIDIUM 32 [+]          
1 24945U 97051B   17144.56895058  .00000031  00000-0  40157-5 0  9995
2 24945  86.3934 296.9653 0002274  95.5343 264.6112 14.34214255 31033
IRIDIUM 33 [-]          
1 24946U 97051C   17144.52067354  .00000073  00000-0  19459-4 0  9998
2 24946  86.3853 296.6311 0006682 334.8355  25.2514 14.33552562 30649
IRIDIUM 28 [-]          
1 24948U 97051E   17144.56755974  .00000090  00000-0  24244-4 0  9993
2 24948  86.3944 295.9943 0002232  83.4341 276.7110 14.35549637 31124
IRIDIUM 30 [+]          
1 24949U 97051F   17144.49292448 -.00000130  00000-0 -53621-4 0  9996
2 24949  86.3940 297.1201 0002051  73.1769 286.9651 14.34222231 31008
IRIDIUM 31 [+]          
1 24950U 97051G   17144.48648069  .00000017  00000-0 -11343-5 0  9990
2 24950  86.3933 297.0941 0001978  92.1748 267.9675 14.34214495 31094
IRIDIUM 19 [+]          
1 24965U 97056A   17144.54059715 -.00000024  00000-0 -15462-4 0  9996
2 24965  86.3934 328.5911 0002063  87.3589 272.7843 14.34217654 29169
IRIDIUM 35 [+]          
1 24966U 97056B   17144.06490199 -.00000011  00000-0 -11128-4 0  9990
2 24966  86.3934 328.7842 0002077  87.2729 272.8705 14.34217569 29078
IRIDIUM 36 [-]          
1 24967U 97056C   17144.57327027  .00000171  00000-0  52398-4 0  9995
2 24967  86.3948 327.6469 0002040  91.6180 268.5250 14.35603474 29473
IRIDIUM 37 [+]          
1 24968U 97056D   17144.52791200 -.00000018  00000-0 -13390-4 0  9990
2 24968  86.3936 328.7763 0002058  88.2959 271.8472 14.34218009 28933
IRIDIUM 34 [+]          
1 24969U 97056E   17144.54693760 -.00000019  00000-0 -13827-4 0  9991
2 24969  86.3936 328.7051 0002025  87.1672 272.9756 14.34217860 29154
IRIDIUM 43 [-]          
1 25039U 97069A   17144.27629484  .00077952 -10886-6  50449-3 0  9994
2 25039  86.4101  31.1993 0334235 134.6234 228.2804 15.26875581 22985
IRIDIUM 41 [+]          
1 25040U 97069B   17144.59827837  .00000169  00000-0  53446-4 0  9990
2 25040  86.3988  31.8228 0002305  81.5646 278.5811 14.34216046 22635
IRIDIUM 40 [-]          
1 25041U 97069C   17144.19297696  .00056061 -55496-6  54293-3 0  9999
2 25041  86.3929  29.1652 0289067  11.0119 349.7271 15.28374204 23296
IRIDIUM 39 [B]          
1 25042U 97069D   17144.62922428  .00000151  00000-0  36580-4 0  9999
2 25042  86.3945  29.2679 0020360  36.5147 323.7439 14.46154801 23057
IRIDIUM 38 [-]          
1 25043U 97069E   17144.59895877  .00000126  00000-0  36486-4 0  9990
2 25043  86.3987  29.0323 0002634  54.3294 305.8147 14.36029184 23087
IRIDIUM 42 [-]          
1 25077U 97077A   17144.61213668  .00000086  00000-0  23630-4 0  9993
2 25077  86.3991  31.7689 0002274  80.1469 279.9983 14.34543424 18804
IRIDIUM 44 [-]          
1 25078U 97077B   17144.62789160  .00000148  00000-0  42295-4 0  9997
2 25078  86.3983  21.3988 0002500  44.4894 315.6504 14.38122852 20217
IRIDIUM 45 [+]          
1 25104U 97082A   17144.48013738  .00000035  00000-0  52873-5 0  9997
2 25104  86.3932 297.1278 0002670  72.1511 287.9975 14.34214526 16975
IRIDIUM 24 [-]          
1 25105U 97082B   17144.41462771  .00000117  00000-0  30970-4 0  9990
2 25105  86.3947 245.4808 0013664  68.4668 291.7986 14.39854592 19430
IRIDIUM 47 [+]          
1 25106U 97082C   17144.43870803  .00000132  00000-0  39949-4 0  9994
2 25106  86.3958 265.2083 0002449  96.0384 264.1091 14.34218230 16963
IRIDIUM 49 [+]          
1 25108U 97082E   17144.32254806  .00000142  00000-0  43803-4 0  9998
2 25108  86.3960 265.3589 0002382  95.1328 320.1934 14.34218241 16954
IRIDIUM 52 [+]          
1 25169U 98010A   17144.62017625  .00000110  00000-0  32133-4 0  9995
2 25169  86.3965   0.2478 0002091  87.6373 272.5062 14.34218111  8120
IRIDIUM 56 [+]          
1 25170U 98010B   17144.61380685  .00000167  00000-0  52422-4 0  9990
2 25170  86.3964   0.3581 0002229  82.4989 277.6460 14.34222275  8300
IRIDIUM 54 [+]          
1 25171U 98010C   17144.57578993  .00000114  00000-0  33819-4 0  9998
2 25171  86.3965   0.2871 0002102  88.3486 271.7950 14.34216256  8569
IRIDIUM 50 [+]          
1 25172U 98010D   17144.60748444  .00000100  00000-0  28813-4 0  9996
2 25172  86.3964   0.2303 0002109  90.3610 269.7828 14.34219765  8107
IRIDIUM 53 [+]          
1 25173U 98010E   17144.62656740  .00000103  00000-0  29555-4 0  9993
2 25173  86.3965   0.2284 0002091  87.3160 272.8275 14.34216549  8123
IRIDIUM 51 [S]          
1 25262U 98018A   17144.57230718 -.00000120  00000-0 -50013-4 0  9991
2 25262  86.3938 328.9023 0002201  95.2472 264.8975 14.34214705  7534
IRIDIUM 61 [+]          
1 25263U 98018B   17144.53425633 -.00000016  00000-0 -12708-4 0  9993
2 25263  86.3936 328.7389 0002089  87.3359 272.8076 14.34217540  3241
IRIDIUM 55 [+]          
1 25272U 98019A   17144.46746494  .00000048  00000-0  99859-5 0  9993
2 25272  86.3933 296.9160 0002260  94.0455 266.0999 14.34213870  2660
IRIDIUM 57 [-]          
1 25273U 98019B   17144.57478832  .00000022  00000-0  89381-6 0  9996
2 25273  86.3942 297.1798 0002148  94.8696 265.2745 14.34268892  2463
IRIDIUM 58 [+]          
1 25274U 98019C   17144.51817678  .00000029  00000-0  32062-5 0  9996
2 25274  86.3941 297.3987 0002328  94.1475 265.9986 14.34215306  2672
IRIDIUM 59 [+]          
1 25275U 98019D   17144.52453382  .00000028  00000-0  30932-5 0  9999
2 25275  86.3935 297.2501 0002256  97.3432 262.8020 14.34214663  2675
IRIDIUM 60 [+]          
1 25276U 98019E   17144.46116159  .00000027  00000-0  25044-5 0  9998
2 25276  86.3932 296.8971 0002246  93.6245 266.5208 14.34212922  2663
IRIDIUM 62 [+]          
1 25285U 98021A   17144.28306836  .00000169  00000-0  53238-4 0  9996
2 25285  86.3991 233.8800 0002461  95.4977 264.6500 14.34222694  1593
IRIDIUM 63 [-]          
1 25286U 98021B   17144.30411458  .00000118  00000-0  34884-4 0  9997
2 25286  86.4022 234.2801 0002342  99.2676 319.7318 14.34659611  1628
IRIDIUM 64 [+]          
1 25287U 98021C   17144.43530025  .00000176  00000-0  55924-4 0  9996
2 25287  86.3992 233.8591 0002189  93.5849 266.5597 14.34224422  1595
IRIDIUM 65 [+]          
1 25288U 98021D   17144.16257834  .00000160  00000-0  50151-4 0  9991
2 25288  86.3990 233.8769 0002480  93.4775 266.6704 14.34224045  1572
IRIDIUM 66 [+]          
1 25289U 98021E   17144.37821323  .00000174  00000-0  55156-4 0  9990
2 25289  86.3990 233.6905 0002436  96.1194 264.0279 14.34224569  1591
IRIDIUM 67 [+]          
1 25290U 98021F   17144.59386950  .00000179  00000-0  56717-4 0  9997
2 25290  86.3991 233.7363 0002370  95.5950 264.5516 14.34224380  1357
IRIDIUM 68 [+]          
1 25291U 98021G   17144.60022821  .00000174  00000-0  54989-4 0  9998
2 25291  86.3992 233.8519 0002337  94.1450 266.0013 14.34220311  1298
IRIDIUM 69 [-]          
1 25319U 98026A   17144.46372754  .00000091  00000-0  23258-4 0  9994
2 25319  86.4007 255.6772 0002650  50.7836 309.3597 14.38667933999624
IRIDIUM 71 [-]          
1 25320U 98026B   17144.39131784  .00000098  00000-0  25134-4 0  9996
2 25320  86.3993 251.6088 0004180  79.6007 280.5662 14.39083016    42
IRIDIUM 70 [+]          
1 25342U 98032A   17144.35958066  .00000136  00000-0  41528-4 0  9991
2 25342  86.3997 234.1931 0002482  95.7465 331.9202 14.34222618995685
IRIDIUM 72 [+]          
1 25343U 98032B   17144.61287992  .00000172  00000-0  54249-4 0  9998
2 25343  86.3991 233.7008 0002387  95.1447 265.0021 14.34222717995448
IRIDIUM 73 [-]          
1 25344U 98032C   17144.59513446  .00000143  00000-0  32356-4 0  9995
2 25344  86.4463 212.9005 0002870 102.9244 257.2281 14.49034871  3831
IRIDIUM 74 [S]          
1 25345U 98032D   17144.29625080  .00000169  00000-0  44885-4 0  9999
2 25345  86.4506 234.2687 0008914 107.1859 309.1139 14.42453122999297
IRIDIUM 75 [+]          
1 25346U 98032E   17144.40992126  .00000177  00000-0  56183-4 0  9994
2 25346  86.3994 234.0370 0002364  95.5248 264.6217 14.34222639996264
IRIDIUM 3 [+]           
1 25431U 98048A   17144.32836280  .00000129  00000-0  38922-4 0  9993
2 25431  86.3964 265.6620 0002433  94.9030 284.9936 14.34217034982196
IRIDIUM 76 [+]          
1 25432U 98048B   17144.42593275  .00000127  00000-0  38249-4 0  9999
2 25432  86.3962 265.3761 0002338  98.8278 326.3594 14.34218234982193
IRIDIUM 82 [-]          
1 25467U 98051A   17144.62142179  .00001081  00000-0  79291-4 0  9998
2 25467  86.4031  31.2647 0185704 114.6878 247.3810 14.89198626983347
IRIDIUM 81 [+]          
1 25468U 98051B   17144.59574667  .00000173  00000-0  49998-4 0  9998
2 25468  86.4258  31.6527 0002024  94.9557 265.1873 14.38608755979432
IRIDIUM 80 [+]          
1 25469U 98051C   17144.26054444  .00000171  00000-0  54142-4 0  9994
2 25469  86.3989  32.0939 0002218  65.0665  58.0569 14.34214080979407
IRIDIUM 77 [+]          
1 25471U 98051E   17144.61396312  .00000199  00000-0  58545-4 0  9990
2 25471  86.4247  31.4985 0002566  89.9648 331.0052 14.38641859984403
IRIDIUM 2 [-]           
1 25527U 98066A   17144.36792310  .00001124  00000-0  55748-4 0  9999
2 25527  85.5325  46.3149 0009494 163.1678 196.9879 15.16481490 14267
IRIDIUM 86 [+]          
1 25528U 98066B   17144.25231344  .00000106  00000-0  30844-4 0  9992
2 25528  86.3955 359.8143 0002353  86.5924 273.5541 14.34218881975930
IRIDIUM 84 [+]          
1 25530U 98066D   17144.56309973  .00000105  00000-0  30316-4 0  9996
2 25530  86.3957 359.8488 0002168  88.6557 271.4887 14.34219333973612
IRIDIUM 83 [+]          
1 25531U 98066E   17144.59481345  .00000111  00000-0  32646-4 0  9999
2 25531  86.3959 359.9598 0002117  87.5929 272.5509 14.34219397970680
IRIDIUM 20 [+]          
1 25577U 98074A   17144.37529929  .00000138  00000-0  42287-4 0  9996
2 25577  86.3961 265.3188 0002305  94.6615 265.4844 14.34217189965020
IRIDIUM 11 [+]          
1 25578U 98074B   17144.39990966  .00000132  00000-0  39977-4 0  9998
2 25578  86.3961 265.5104 0002265  92.3867 329.2543 14.34217874973991
IRIDIUM 14 [+]          
1 25777U 99032A   17144.28943769  .00000169  00000-0  53413-4 0  9992
2 25777  86.3993 233.9185 0002504  94.4341 265.7141 14.34223828951250
IRIDIUM 21 [+]          
1 25778U 99032B   17144.25770409  .00000157  00000-0  49028-4 0  9993
2 25778  86.3991 233.9508 0002294  98.6950 261.4506 14.34222233944682
IRIDIUM 91 [+]          
1 27372U 02005A   17144.58441108  .00000029  00000-0  32625-5 0  9990
2 27372  86.3939 297.0294 0002597 101.1966 306.1277 14.34214274808195
IRIDIUM 90 [S]          
1 27373U 02005B   17144.61287064  .00000112  00000-0  27599-4 0  9990
2 27373  86.4470 359.9361 0002348  89.2867 270.8603 14.42969565807884
IRIDIUM 94 [+]          
1 27374U 02005C   17144.41944311  .00000135  00000-0  40984-4 0  9992
2 27374  86.3962 265.6317 0002846 106.6285 317.7872 14.34218549812543
IRIDIUM 95 [+]          
1 27375U 02005D   17143.91566480  .00000017  00000-0 -87497-6 0  9996
2 27375  86.3705 297.3340 0002175  92.3855 267.7590 14.34206862807434
IRIDIUM 96 [+]          
1 27376U 02005E   17144.52155981 -.00000021  00000-0 -14618-4 0  9994
2 27376  86.3964 329.1069 0001631 121.7841 238.3514 14.34217786213384
IRIDIUM 97 [+]          
1 27450U 02031A   17144.55962498 -.00000026  00000-0 -16375-4 0  9995
2 27450  86.3933 328.7758 0001925  82.7910 277.3504 14.34217659786793
IRIDIUM 98 [+]          
1 27451U 02031B   17144.60415556  .00000183  00000-0  58143-4 0  9991
2 27451  86.3982  32.0504 0002631  77.8294 345.4780 14.34214600787907
