OSCAR 30 [?]            
1 15935U 85066A   16300.22123480  .00000027  00000-0  29587-4 0  9994
2 15935  90.1306  47.2961 0170545 128.3692 253.3396 13.35601626519454
OSCAR 24 [?]            
1 15936U 85066B   16299.89141375  .00000034  00000-0  43110-4 0  9994
2 15936  90.1189  41.3713 0171277 133.4674 350.4585 13.35482839521280
OSCAR 27 [?]            
1 18361U 87080A   16299.69309933  .00000067  00000-0  96095-4 0  9997
2 18361  90.3348 327.7088 0106254  52.4229 308.6511 13.44416302427415
OSCAR 29 [?]            
1 18362U 87080B   16299.64813612  .00000049  00000-0  66024-4 0  9996
2 18362  90.3352 327.9268 0108231  68.3799  46.0912 13.44010077427077
OSCAR 23 [?]            
1 19070U 88033A   16300.06596200  .00000091  00000-0  16314-3 0  9995
2 19070  90.3570 265.2318 0192437  91.1952 315.8244 13.27394346380373
OSCAR 32 [?]            
1 19071U 88033B   16299.96669275  .00000039  00000-0  58669-4 0  9997
2 19071  90.3568 265.3055 0190469  81.1440 345.6099 13.27579383380302
OSCAR 25 [?]            
1 19419U 88074A   16299.86489012  .00000041  00000-0  54916-4 0  9990
2 19419  89.9867  19.3647 0097365  37.3337  98.0839 13.42148370379299
OSCAR 31 [?]            
1 19420U 88074B   16299.82097868  .00000039  00000-0  51334-4 0  9990
2 19420  89.9872  19.3685 0095374  31.7404  84.6525 13.42162760379124
