0 DOVE 2 0505
1 81285U JSPOC2   17108.82964158  .00000589  00000+0  51379-4 0    09
2 81285 064.8736 104.5455 0035309 290.1261 069.6098 15.06492687    01
0 DOVE 3 0711
1 81809U JSPOC2   17108.93259310  .00000321  00000+0  65972-4 0    08
2 81809 097.6620 114.8315 0146080 222.7781 136.1982 14.60410924    00
0 FLOCK 1C-1 0903
1 82307U FPP2     17109.83333333  .00000000  00000+0  11181-3 0    06
2 82307 097.9251 022.2702 0013665 134.4687 275.7072 14.88664826    07
0 FLOCK 1C-2 0904
1 82308U FPP2     17109.83333333  .00000000  00000+0  10735-3 0    01
2 82308 097.9234 022.1394 0015127 128.5581 123.4231 14.88686207    00
0 FLOCK 1C-3 0905
1 82309U JSPOC2   17108.68399655  .00000831  00000+0  95334-4 0    04
2 82309 097.9282 021.1346 0013783 122.2346 238.0200 14.88534430    05
0 FLOCK 1C-4 0906
1 82310U FPP2     17109.83333333  .00000000  00000+0  87323-4 0    02
2 82310 097.9270 022.1326 0015930 128.4683 066.4141 14.88554185    07
0 FLOCK 1C-5 0907
1 82311U FPP2     17109.83333333  .00000000  00000+0  11918-3 0    09
2 82311 097.9263 022.4798 0015325 123.4031 005.4549 14.88840338    09
0 FLOCK 1C-6 0908
1 82312U JSPOC2   17108.79415485  .00000939  00000+0  10614-3 0    06
2 82312 097.9295 021.6169 0012574 124.4849 235.7561 14.88840038    08
0 FLOCK 1C-7 0909
1 82313U FPP2     17109.83333333  .00000000  00000+0  11071-3 0    01
2 82313 097.9240 022.6976 0011720 132.0670 235.7468 14.89333823    01
0 FLOCK 1C-8 090A
1 82314U JSPOC2   17108.80176377  .00001280  00000+0  13591-3 0    01
2 82314 097.9298 023.3329 0013886 114.3300 245.9362 14.90764101    08
0 FLOCK 1C-9 090B
1 82315U FPP2     17109.83333333  .00000000  00000+0  10020-3 0    06
2 82315 097.9283 022.4694 0013191 122.8346 178.1797 14.88736547    00
0 FLOCK 1C-10 090C
1 82316U JSPOC2   17108.71084463  .00000649  00000+0  75654-4 0    04
2 82316 097.9232 020.9367 0012908 136.5442 223.6851 14.88598584    03
0 FLOCK 1C-11 090D
1 82317U JSPOC2   17108.70715192  .00000662  00000+0  74363-4 0    05
2 82317 097.9259 022.2375 0012571 122.7410 237.5023 14.90075066    08
0 FLOCK 2EP-16 0C0B
1 83083U FPP2     17109.83333333  .00000000  00000+0  20528-3 0    03
2 83083 051.6434 323.9837 0006361 062.0629 252.4925 15.60008667    01
0 FLOCK 2EP-17 0C12
1 83090U FPP2     17109.83333333  .00000000  00000+0  11350-3 0    04
2 83090 051.6454 324.1255 0006210 079.7202 170.9299 15.59558451    00
0 FLOCK 2E-11 0C13
1 83091U FPP2     17109.83333333  .00000000  00000+0  18592-3 0    00
2 83091 051.6361 311.9213 0003249 268.6708 019.7786 15.67526102    03
0 FLOCK 2E-9 0C14
1 83092U FPP2     17109.83333333  .00000000  00000+0  20514-3 0    08
2 83092 051.6369 311.7345 0002913 245.1093 153.8215 15.67798147    07
0 FLOCK 2EP-9 0C19
1 83097U FPP2     17109.83333333  .00000000  00000+0  23199-3 0    05
2 83097 051.6372 311.4981 0002754 285.5049 203.1776 15.68208054    06
0 FLOCK 2EP-2 0C1B
1 83099U FPP2     17109.83333333  .00000000  00000+0  19133-3 0    00
2 83099 051.6371 311.7651 0001202 073.9674 298.9822 15.67312734    08
0 FLOCK 2EP-4 0C22
1 83106U FPP2     17109.83333333  .00000000  00000+0  20427-3 0    07
2 83106 051.6381 311.3352 0001906 174.7632 031.9932 15.68647724    05
0 FLOCK 2E-7 0C24
1 83108U FPP2     17109.83333333  .00000000  00000+0  19141-3 0    00
2 83108 051.6382 312.5663 0002986 241.3035 111.3825 15.67220042    06
0 FLOCK 2EP-11 0C27
1 83111U FPP2     17109.83333333  .00000000  00000+0  18033-3 0    03
2 83111 051.6389 312.8420 0002840 254.6880 344.2640 15.66951122    06
0 FLOCK 2E-8 0C2B
1 83115U FPP2     17109.83333333  .00000000  00000+0  34917-3 0    06
2 83115 051.6350 301.5388 0006126 242.2340 307.5079 15.82124199    03
0 FLOCK 2E-1  0C37
1 83127U FPP2     17109.83333333  .00000000  00000+0  15553-3 0    04
2 83127 051.6384 313.4999 0002766 156.1679 131.1896 15.65996749    04
0 FLOCK 2EP-20 0C38
1 83128U FPP2     17109.83333333  .00000000  00000+0  18585-3 0    03
2 83128 051.6419 323.1389 0006023 073.7467 286.8872 15.60841191    01
0 FLOCK 2E-4 0C41
1 83137U FPP2     17109.83333333  .00000000  00000+0  24265-3 0    05
2 83137 051.6378 313.4601 0002788 198.2452 092.8656 15.66177718    03
0 FLOCK 2EP-7 0C42
1 83138U FPP2     17109.83333333  .00000000  00000+0  21641-3 0    01
2 83138 051.6376 310.5126 0003154 176.4989 091.9770 15.69456114    03
0 FLOCK 2E-5 0C43
1 83139U FPP2     17109.83333333  .00000000  00000+0  15789-3 0    08
2 83139 051.6421 315.1213 0001261 062.9803 151.8870 15.64847616    07
0 FLOCK 2EP-18 0C44
1 83140U FPP2     17109.83333333  .00000000  00000+0  20449-3 0    09
2 83140 051.6415 324.1699 0005976 077.7651 137.9653 15.59490939    02
0 FLOCK 2EP-13 0C45
1 83141U FPP2     17109.83333333  .00000000  00000+0  13044-3 0    03
2 83141 051.6366 324.2353 0007325 049.8516 137.4121 15.59520799    09
0 FLOCK 2EP-6 0C46
1 83142U FPP2     17109.83333333  .00000000  00000+0  17269-3 0    07
2 83142 051.6365 314.3866 0002391 258.8870 303.3344 15.65595176    00
0 FLOCK 2EP-15 0C54
1 83156U FPP2     17109.83333333  .00000000  00000+0  14534-3 0    04
2 83156 051.6390 324.3394 0006701 056.4560 087.7508 15.59433695    02
0 FLOCK 2EP-14 0C56
1 83158U FPP2     17109.83333333  .00000000  00000+0  13654-3 0    08
2 83158 051.6436 324.1330 0007179 051.5830 185.6285 15.59668739    08
0 FLOCK 2EP-5 0C59
1 83161U FPP2     17109.83333333  .00000000  00000+0  16909-3 0    08
2 83161 051.6383 316.2029 0003221 268.9751 152.6442 15.64101217    08
0 FLOCK 2E-3 0C60
1 83168U FPP2     17109.83333333  .00000000  00000+0  15108-3 0    05
2 83168 051.6414 314.8003 0002963 205.8581 171.2817 15.65220326    06
0 FLOCK 2EP-19 0C62
1 83170U FPP2     17109.83333333  .00000000  00000+0  14778-3 0    00
2 83170 051.6397 322.6529 0005362 076.4874 148.2417 15.61396260    09
0 FLOCK 2EP-10 0C65
1 83173U FPP2     17109.83333333  .00000000  00000+0  19598-3 0    08
2 83173 051.6388 312.6150 0002571 284.8793 057.5744 15.67374857    04
0 FLOCK 2E-6 0C75
1 83189U FPP2     17109.83333333  .00000000  00000+0  13933-3 0    02
2 83189 051.6356 315.0571 0001590 058.0439 193.4569 15.64953785    03
0 FLOCK 2EP-8 0C76
1 83190U FPP2     17109.83333333  .00000000  00000+0  21993-3 0    09
2 83190 051.6389 312.3167 0001819 194.7557 278.8628 15.67417311    02
0 FLOCK 2E-2 0C78
1 83192U FPP2     17109.83333333  .00000000  00000+0  17809-3 0    02
2 83192 051.6378 312.4739 0002146 150.7578 276.7655 15.67247513    09
0 FLOCK 2E-12 0C79
1 83193U FPP2     17109.83333333  .00000000  00000+0  19801-3 0    07
2 83193 051.6360 312.6717 0002929 262.8560 040.5834 15.67278224    03
0 FLOCK 2EP-12 0C81
1 83201U FPP2     17109.83333333  .00000000  00000+0  22159-3 0    07
2 83201 051.6364 312.5067 0004257 247.0515 127.8128 15.67844728    08
0 FLOCK 2E-10 0C82
1 83202U FPP2     17109.83333333  .00000000  00000+0  19129-3 0    01
2 83202 051.6412 313.1044 0003286 248.2022 213.0589 15.66665349    00
0 FLOCK 2EP-1 0D05
1 83333U FPP2     17109.83333333  .00000000  00000+0  35513-3 0    01
2 83333 051.6366 313.2498 0001128 064.2625 320.0556 15.66562809    05
0 FLOCK 2EP-3 0D06
1 83334U FPP2     17109.83333333  .00000000  00000+0  31857-3 0    09
2 83334 051.6365 312.8080 0001501 120.3595 125.6934 15.66674128    09
0 FLOCK 2P-1 0E0D
1 83597U FPP2     17109.83333333  .00000000  00000+0  14796-3 0    03
2 83597 097.4675 173.2430 0009051 289.0496 258.7808 15.21792755    07
0 FLOCK 2P-2  0E0E
1 83598U FPP2     17109.83333333  .00000000  00000+0  92400-4 0    03
2 83598 097.4641 172.9575 0009224 278.0775 237.2834 15.21801710    00
0 FLOCK 2P-3 0E0F
1 83599U FPP2     17109.83333333  .00000000  00000+0  16428-3 0    09
2 83599 097.4684 173.1772 0008943 288.4735 106.6532 15.21808103    05
0 FLOCK 2P-4 0E14
1 83604U FPP2     17109.83333333  .00000000  00000+0  10367-3 0    02
2 83604 097.4663 173.1025 0009803 289.0678 016.4555 15.21798627    01
0 FLOCK 2P-5 0E16
1 83606U FPP2     17109.83333333  .00000000  00000+0  17137-3 0    06
2 83606 097.4678 173.2186 0009136 288.2068 196.5793 15.21781401    07
0 FLOCK 2P-6 0E19
1 83609U FPP2     17109.83333333  .00000000  00000+0  16113-3 0    02
2 83609 097.4643 173.0003 0009423 278.3020 357.3913 15.21790116    09
0 FLOCK 2P-7 0E1F
1 83615U FPP2     17109.83333333  .00000000  00000+0  15358-3 0    09
2 83615 097.4662 173.1212 0009506 290.3750 074.3318 15.21809943    00
0 FLOCK 2P-8 0E20
1 83616U FPP2     17109.83333333  .00000000  00000+0  15423-3 0    03
2 83616 097.4664 173.1184 0009507 288.7412 046.6528 15.21805316    03
0 FLOCK 2P-9 0E26
1 83622U FPP2     17109.83333333  .00000000  00000+0  22573-3 0    04
2 83622 097.4641 172.9186 0009293 278.9981 168.7320 15.21783785    09
0 FLOCK 2P-10 0E2F
1 83631U FPP2     17109.83333333  .00000000  00000+0  16769-3 0    04
2 83631 097.4672 173.1696 0009377 289.5889 135.3696 15.21827580    08
0 FLOCK 2P-11 0E30
1 83632U FPP2     17109.83333333  .00000000  00000+0  12012-3 0    02
2 83632 097.4636 172.9748 0009377 279.4054 326.3573 15.21817698    01
0 FLOCK 2P-12 0E3A
1 83642U FPP2     17109.83333333  .00000000  00000+0  20775-3 0    08
2 83642 097.4704 173.2419 0009543 286.5247 258.7765 15.21812433    08
0 FLOCK 3P-72 0F10
1 83856U FPP2     17109.83333333  .00000000  00000+0  29523-3 0    05
2 83856 097.5014 171.3482 0009660 055.9643 185.5293 15.22143603    07
0 FLOCK 3P-71 0F11
1 83857U JSPOC2   17108.93763217  .00004271  00000+0  19047-3 0    08
2 83857 097.5037 170.4496 0009810 052.8411 307.3719 15.21906896    01
0 FLOCK 3P-75 0F12
1 83858U FPP2     17109.83333333  .00000000  00000+0  29260-3 0    05
2 83858 097.5034 171.3406 0009746 050.5742 170.8072 15.21942877    04
0 FLOCK 3P-70 0F15
1 83861U FPP2     17109.83333333  .00000000  00000+0  27746-3 0    06
2 83861 097.5021 171.3444 0009290 048.2620 173.5069 15.21926005    00
0 FLOCK 3P-76 0F17
1 83863U FPP2     17109.83333333  .00000000  00000+0  20756-3 0    02
2 83863 097.5048 171.3485 0009930 053.8808 180.5454 15.22043548    06
0 FLOCK 3P-5 0F18
1 83864U FPP2     17109.83333333  .00000000  00000+0  17823-3 0    04
2 83864 097.5187 171.3027 0009314 047.7874 161.8490 15.21934198    05
0 FLOCK 3P-73 0F1B
1 83867U FPP2     17109.83333333  .00000000  00000+0  27126-3 0    04
2 83867 097.5036 171.3402 0009826 049.8213 170.0794 15.21864517    02
0 FLOCK 3P-85 0F1D
1 83869U FPP2     17109.83333333  .00000000  00000+0  12238-3 0    04
2 83869 097.5032 171.3608 0009695 052.5771 219.4420 15.22193479    09
0 FLOCK 3P-74 0F22
1 83874U FPP2     17109.83333333  .00000000  00000+0  98636-4 0    07
2 83874 097.5028 171.3420 0009505 049.2178 174.1589 15.21828549    01
0 FLOCK 3P-81 0F25
1 83877U FPP2     17109.83333333  .00000000  00000+0  17369-3 0    03
2 83877 097.5033 171.3531 0009598 052.4050 201.1446 15.22119786    00
0 FLOCK 3P-77 0F28
1 83880U FPP2     17109.83333333  .00000000  00000+0  17430-3 0    06
2 83880 097.5032 171.3453 0009485 050.8803 184.6884 15.22011566    07
0 FLOCK 3P-87 0F31
1 83889U FPP2     17109.83333333  .00000000  00000+0  27062-3 0    07
2 83889 097.5036 171.3424 0009167 047.6128 180.6732 15.21947645    02
0 FLOCK 3P-86 0F34
1 83892U FPP2     17109.83333333  .00000000  00000+0  15672-3 0    05
2 83892 097.5031 171.3550 0009280 052.2352 208.5538 15.22175848    01
0 FLOCK 3P-6 0F35
1 83893U FPP2     17109.83333333  .00000000  00000+0  24500-3 0    06
2 83893 097.4983 171.3047 0009604 044.4854 149.9933 15.21856632    01
0 FLOCK 3P-88 0F38
1 83896U FPP2     17109.83333333  .00000000  00000+0  26127-3 0    06
2 83896 097.5035 171.3447 0009469 053.4167 174.8941 15.21977250    09
0 FLOCK 3P-83 0F3F
1 83903U FPP2     17109.83333333  .00000000  00000+0  26811-3 0    05
2 83903 097.5018 171.3399 0009576 050.8381 174.6080 15.21934001    02
0 FLOCK 3P-82 0F41
1 83905U FPP2     17109.83333333  .00000000  00000+0  28845-3 0    06
2 83905 097.5026 171.3393 0009553 050.7673 175.9572 15.21924520    00
0 FLOCK 3P-84 0F42
1 83906U FPP2     17109.83333333  .00000000  00000+0  25377-3 0    04
2 83906 097.4994 171.3377 0010034 052.2227 167.5027 15.21919632    04
0 FLOCK 3P-69 0F43
1 83907U FPP2     17109.83333333  .00000000  00000+0  27650-3 0    01
2 83907 097.5033 171.3464 0009269 050.4878 187.9569 15.22121772    05
0 FLOCK 3P-80 0F4E
1 83918U FPP2     17109.83333333  .00000000  00000+0  31845-3 0    04
2 83918 097.5013 171.3595 0009248 054.4525 215.3338 15.22324216    08
0 FLOCK 3P-78 0F51
1 83921U FPP2     17109.83333333  .00000000  00000+0  26903-3 0    07
2 83921 097.5029 171.3431 0008848 043.2888 187.2912 15.21988524    03
0 FLOCK 3P-79 0F52
1 83922U FPP2     17109.83333333  .00000000  00000+0  13805-3 0    05
2 83922 097.5032 171.3581 0009366 053.0594 213.4524 15.22194244    03
0 FLOCK 3P-1 1000
1 84096U FPP2     17109.83333333  .00000000  00000+0  25905-3 0    02
2 84096 097.4996 171.3020 0009563 045.4385 143.6008 15.21801585    07
0 FLOCK 3P-2 1001
1 84097U FPP2     17109.83333333  .00000000  00000+0  26107-3 0    08
2 84097 097.4996 171.2985 0009461 046.7982 140.3186 15.21853701    09
0 FLOCK 3P-3 1002
1 84098U FPP2     17109.83333333  .00000000  00000+0  28827-3 0    00
2 84098 097.4995 171.2968 0009611 047.0600 137.9072 15.21797243    02
0 FLOCK 3P-4 1003
1 84099U FPP2     17109.83333333  .00000000  00000+0  21680-3 0    01
2 84099 097.5005 171.3002 0009762 046.6064 141.2434 15.21846318    00
0 FLOCK 3P-68 1004
1 84100U FPP2     17109.83333333  .00000000  00000+0  22014-3 0    06
2 84100 097.5010 171.3449 0009825 061.0970 227.5602 15.22169870    08
0 FLOCK 3P-54 1005
1 84101U FPP2     17109.83333333  .00000000  00000+0  67916-4 0    08
2 84101 097.5003 171.3702 0009132 068.9793 295.4836 15.22458910    02
0 FLOCK 3P-51 1006
1 84102U FPP2     17109.83333333  .00000000  00000+0  76535-4 0    06
2 84102 097.5014 171.3483 0009749 063.8349 232.7803 15.22137496    07
0 FLOCK 3P-53 1007
1 84103U FPP2     17109.83333333  .00000000  00000+0  96922-4 0    09
2 84103 097.4999 171.3661 0009181 068.5243 290.5603 15.22417690    09
0 FLOCK 3P-55 1008
1 84104U FPP2     17109.83333333  .00000000  00000+0  10530-3 0    00
2 84104 097.4999 171.3807 0008939 071.3900 314.2900 15.22583191    08
0 FLOCK 3P-58 1009
1 84105U FPP2     17109.83333333  .00000000  00000+0  21572-3 0    09
2 84105 097.5011 171.3148 0009373 049.1220 168.7169 15.21913214    05
0 FLOCK 3P-64 100A
1 84106U FPP2     17109.83333333  .00000000  00000+0  93077-4 0    00
2 84106 097.4965 171.3616 0009240 065.3371 269.0704 15.22314310    06
0 FLOCK 3P-7 100B
1 84107U FPP2     17109.83333333  .00000000  00000+0  80248-4 0    07
2 84107 097.4987 171.3186 0009368 049.0168 185.8525 15.21996163    04
0 FLOCK 3P-8 100C
1 84108U FPP2     17109.83333333  .00000000  00000+0  21974-3 0    08
2 84108 097.5008 171.3017 0009621 047.5553 148.6399 15.21882890    03
0 FLOCK 3P-16 100E
1 84110U FPP2     17109.83333333  .00000000  00000+0  80050-4 0    02
2 84110 097.5005 171.3712 0009039 068.7132 293.6263 15.22509577    06
0 FLOCK 3P-56 100F
1 84111U FPP2     17109.83333333  .00000000  00000+0  94457-4 0    09
2 84111 097.4982 171.3746 0008821 072.0784 311.5913 15.22552539    04
0 FLOCK 3P-12 1010
1 84112U FPP2     17109.83333333  .00000000  00000+0  21969-3 0    07
2 84112 097.4967 171.3071 0008553 050.2830 162.1290 15.21931930    04
0 FLOCK 3P-46 1011
1 84113U FPP2     17109.83333333  .00000000  00000+0  17871-3 0    05
2 84113 097.4992 171.3514 0009206 065.1309 247.2933 15.22248223    03
0 FLOCK 3P-61 1012
1 84114U FPP2     17109.83333333  .00000000  00000+0  65911-4 0    05
2 84114 097.5005 171.3626 0009466 067.1536 268.0141 15.22323792    03
0 FLOCK 3P-66 1013
1 84115U FPP2     17109.83333333  .00000000  00000+0  11299-3 0    05
2 84115 097.4985 171.3461 0010235 065.3724 221.6872 15.22144541    01
0 FLOCK 3P-57 1014
1 84116U FPP2     17109.83333333  .00000000  00000+0  30306-3 0    06
2 84116 097.5017 171.3144 0008974 047.9200 170.2954 15.21935747    04
0 FLOCK 3P-63 1015
1 84117U FPP2     17109.83333333  .00000000  00000+0  10502-3 0    03
2 84117 097.4998 171.3612 0009055 068.1351 268.4102 15.22332799    09
0 FLOCK 3P-13 1016
1 84118U FPP2     17109.83333333  .00000000  00000+0  86216-4 0    00
2 84118 097.5017 171.3694 0009002 071.7170 280.4626 15.22402612    01
0 FLOCK 3P-67 1017
1 84119U FPP2     17109.83333333  .00000000  00000+0  21011-3 0    02
2 84119 097.5010 171.3448 0009783 063.3399 225.0227 15.22189996    07
0 FLOCK 3P-14 1018
1 84120U FPP2     17109.83333333  .00000000  00000+0  78464-4 0    09
2 84120 097.5014 171.3737 0009280 068.9496 296.5000 15.22469043    01
0 FLOCK 3P-44 1019
1 84121U FPP2     17109.83333333  .00000000  00000+0  10721-3 0    01
2 84121 097.5011 171.3615 0009540 066.9447 263.4202 15.22332201    09
0 FLOCK 3P-45 101A
1 84122U FPP2     17109.83333333  .00000000  00000+0  11962-3 0    00
2 84122 097.4967 171.3511 0009690 065.2952 243.7045 15.22200752    04
0 FLOCK 3P-60 101B
1 84123U JSPOC2   17108.93344192  .00003766  00000+0  16728-3 0    03
2 84123 097.5017 170.4313 0009411 051.7788 308.4294 15.22124505    06
0 FLOCK 3P-15 101D
1 84125U FPP2     17109.83333333  .00000000  00000+0  72301-4 0    08
2 84125 097.4994 171.3662 0009625 067.7224 278.1115 15.22339429    05
0 FLOCK 3P-42 101E
1 84126U FPP2     17109.83333333  .00000000  00000+0  15148-3 0    04
2 84126 097.5096 171.3516 0010399 064.3315 258.1040 15.22287776    04
0 FLOCK 3P-11 101F
1 84127U FPP2     17109.83333333  .00000000  00000+0  11336-3 0    00
2 84127 097.5012 171.3096 0009363 048.3506 154.9290 15.21726556    02
0 FLOCK 3P-9 1021
1 84129U FPP2     17109.83333333  .00000000  00000+0  27957-3 0    08
2 84129 097.5012 171.3095 0009592 047.4234 154.8081 15.21851090    04
0 FLOCK 3P-10 1022
1 84130U FPP2     17109.83333333  .00000000  00000+0  21440-3 0    01
2 84130 097.5015 171.3154 0009391 048.4060 167.1651 15.21925771    08
0 FLOCK 3P-17 1023
1 84131U FPP2     17109.83333333  .00000000  00000+0  30237-3 0    06
2 84131 097.5017 171.3025 0009723 050.3212 151.0811 15.21996084    03
0 FLOCK 3P-19 1024
1 84132U FPP2     17109.83333333  .00000000  00000+0  24590-3 0    02
2 84132 097.5005 171.2817 0010397 047.0670 109.9121 15.21700058    09
0 FLOCK 3P-23 1025
1 84133U FPP2     17109.83333333  .00000000  00000+0  25113-3 0    05
2 84133 097.5005 171.2867 0009950 046.0855 121.0203 15.21750082    00
0 FLOCK 3P-24 1026
1 84134U FPP2     17109.83333333  .00000000  00000+0  30580-3 0    00
2 84134 097.4984 171.2805 0009819 044.8895 111.8102 15.21670237    00
0 FLOCK 3P-47 1027
1 84135U FPP2     17109.83333333  .00000000  00000+0  22446-3 0    03
2 84135 097.5035 171.3568 0009679 066.9840 247.8619 15.22293449    05
0 FLOCK 3P-22 1028
1 84136U FPP2     17109.83333333  .00000000  00000+0  28698-3 0    09
2 84136 097.5006 171.2845 0010087 045.4479 112.9831 15.21652330    01
0 FLOCK 3P-20 1029
1 84137U FPP2     17109.83333333  .00000000  00000+0  26660-3 0    07
2 84137 097.4991 171.2886 0010158 046.2843 133.0852 15.21848987    04
0 FLOCK 3P-21 102A
1 84138U FPP2     17109.83333333  .00000000  00000+0  98742-4 0    09
2 84138 097.5006 171.2978 0009896 047.2981 140.2976 15.21786558    08
0 FLOCK 3P-18 102B
1 84139U FPP2     17109.83333333  .00000000  00000+0  28268-3 0    05
2 84139 097.4993 171.2819 0010055 044.9354 110.1855 15.21646314    01
0 FLOCK 3P-28 102C
1 84140U FPP2     17109.83333333  .00000000  00000+0  25907-3 0    04
2 84140 097.5007 171.2930 0009574 045.2991 132.7371 15.21825437    07
0 FLOCK 3P-26 102D
1 84141U FPP2     17109.83333333  .00000000  00000+0  27582-3 0    06
2 84141 097.4978 171.2878 0009734 044.1773 123.3131 15.21703383    04
0 FLOCK 3P-30 102E
1 84142U FPP2     17109.83333333  .00000000  00000+0  12428-3 0    00
2 84142 097.5015 171.3435 0008889 052.5336 225.7787 15.22278758    04
0 FLOCK 3P-25 102F
1 84143U FPP2     17109.83333333  .00000000  00000+0  20725-3 0    00
2 84143 097.5007 171.2920 0009889 046.3664 129.6704 15.21772463    02
0 FLOCK 3P-27 1030
1 84144U FPP2     17109.83333333  .00000000  00000+0  23832-3 0    03
2 84144 097.5007 171.2895 0010148 045.6628 118.5855 15.21605810    01
0 FLOCK 3P-41 1031
1 84145U FPP2     17109.83333333  .00000000  00000+0  16519-3 0    08
2 84145 097.5005 171.3520 0009540 061.6728 257.8008 15.22317632    09
0 FLOCK 3P-31 1032
1 84146U FPP2     17109.83333333  .00000000  00000+0  20310-3 0    03
2 84146 097.5004 171.3192 0009363 048.0246 176.7715 15.21897410    01
0 FLOCK 3P-29 1033
1 84147U FPP2     17109.83333333  .00000000  00000+0  20481-3 0    03
2 84147 097.5046 171.3236 0009725 049.6668 178.5054 15.21923979    00
0 FLOCK 3P-50 1034
1 84148U FPP2     17109.83333333  .00000000  00000+0  96195-4 0    00
2 84148 097.5014 171.3545 0009690 064.5772 240.8119 15.22230988    09
0 FLOCK 3P-32 1035
1 84149U FPP2     17109.83333333  .00000000  00000+0  26378-3 0    06
2 84149 097.4996 171.3178 0008609 048.3206 174.6820 15.21931430    03
0 FLOCK 3P-38 1036
1 84150U FPP2     17109.83333333  .00000000  00000+0  10412-3 0    00
2 84150 097.5015 171.3622 0009216 070.2637 274.4456 15.22366398    09
0 FLOCK 3P-37 1037
1 84151U JSPOC2   17108.91473648  .00003819  00000+0  16784-3 0    02
2 84151 097.5013 170.4523 0009367 070.2793 289.9453 15.22479347    05
0 FLOCK 3P-49 1038
1 84152U FPP2     17109.83333333  .00000000  00000+0  89848-4 0    02
2 84152 097.5004 171.3511 0009742 064.0826 241.8186 15.22255505    06
0 FLOCK 3P-40 1039
1 84153U FPP2     17109.83333333  .00000000  00000+0  69818-4 0    08
2 84153 097.5019 171.3650 0009591 068.4820 280.0864 15.22355612    09
0 FLOCK 3P-36 103A
1 84154U FPP2     17109.83333333  .00000000  00000+0  25219-3 0    05
2 84154 097.5033 171.3226 0008611 048.2819 198.1494 15.22101586    08
0 FLOCK 3P-34 103B
1 84155U FPP2     17109.83333333  .00000000  00000+0  29418-3 0    01
2 84155 097.4989 171.3238 0008517 048.3356 190.8866 15.22014964    08
0 FLOCK 3P-33 103C
1 84156U FPP2     17109.83333333  .00000000  00000+0  16524-3 0    06
2 84156 097.5013 171.3307 0008815 050.4493 202.5128 15.22110127    02
0 FLOCK 3P-35 103D
1 84157U FPP2     17109.83333333  .00000000  00000+0  30681-3 0    07
2 84157 097.5013 171.3254 0009025 050.7647 186.6016 15.21961155    04
0 FLOCK 3P-39 103E
1 84158U FPP2     17109.83333333  .00000000  00000+0  11231-3 0    08
2 84158 097.5067 171.3714 0007775 061.6538 283.6143 15.22376430    01
0 FLOCK 3P-65 1040
1 84160U FPP2     17109.83333333  .00000000  00000+0  21830-3 0    07
2 84160 097.5008 171.3483 0009352 062.1929 226.7803 15.22209539    01
0 FLOCK 3P-43 1041
1 84161U FPP2     17109.83333333  .00000000  00000+0  21185-3 0    01
2 84161 097.5008 171.3565 0009535 065.1242 254.7528 15.22298948    04
0 FLOCK 3P-48 1042
1 84162U FPP2     17109.83333333  .00000000  00000+0  84615-4 0    00
2 84162 097.5011 171.3560 0009587 065.5376 248.8721 15.22240283    01
0 FLOCK 3P-52 1044
1 84164U FPP2     17109.83333333  .00000000  00000+0  17855-3 0    03
2 84164 097.4989 171.3472 0009441 059.2927 239.9699 15.22227255    08
0 FLOCK 3P-59 1045
1 84165U FPP2     17109.83333333  .00000000  00000+0  19119-3 0    09
2 84165 097.5007 171.3247 0006868 051.9197 185.9808 15.22020417    02
0 FLOCK 3P-62 1046
1 84166U FPP2     17109.83333333  .00000000  00000+0  98549-4 0    05
2 84166 097.5005 171.3639 0009399 068.9651 275.2580 15.22395893    04
