AOR-E (EGNOS/PRN 120)   
1 24307U 96053A   17009.11637414 -.00000131  00000-0  00000+0 0  9998
2 24307   0.0000  78.5200 0007947 210.5900 206.1172  1.00272262 74472
CRE (WAAS/PRN 138)      
1 28868U 05036A   17010.19047649 -.00000083  00000-0  00000+0 0  9996
2 28868   0.0000  31.7380 0002280 293.2786 106.1469  1.00274501 41618
CRW (WAAS/PRN 135)      
1 28884U 05041A   17009.46728929  .00000073  00000-0  00000+0 0  9993
2 28884   0.0000 310.9230 0002087   0.3067 193.1740  1.00270279 41070
IOR-W (EGNOS/PRN 126)   
1 28899U 05044A   17008.54880884  .00000007  00000-0  00000+0 0  9996
2 28899   0.0000   9.6553 0003020 286.0029  74.0760  1.00271473 40945
MTSAT-2 (MSAS/PRN 137)  
1 28937U 06004A   17009.39971260 -.00000249  00000-0  00000+0 0  9998
2 28937   0.0000  51.7720 0003657 242.6945 103.5743  1.00270736 39800
AMR (WAAS/PRN 133)      
1 33278U 08039A   17009.49778976 -.00000141  00000-0  00000+0 0  9993
2 33278   0.0000 359.8883 0003122 295.6555 254.8885  1.00271669 30715
GSAT-8 (GAGAN/PRN 127)  
1 37605U 11022A   17010.17155497  .00000076  00000-0  00000+0 0  9997
2 37605   0.0000 277.5623 0009122 350.3785 318.8070  1.00272947 20694
LUCH 5A (SDCM/PRN 140)  
1 37951U 11074B   17010.24364350 -.00000054  00000-0  00000+0 0  9993
2 37951   0.0000 195.6457 0004232  95.5925  73.3896  1.00269794 18648
SES-5 (EGNOS/PRN 136)   
1 38652U 12036A   17010.07409238  .00000026  00000-0  00000+0 0  9995
2 38652   0.0000 256.4672 0002301  39.2380 205.7144  1.00271962 16524
GSAT-10 (GAGAN/PRN 128) 
1 38779U 12051B   17008.46877743 -.00000168  00000-0  00000+0 0  9990
2 38779   0.0000 270.1651 0001979 344.7771 105.0264  1.00272916 15733
LUCH 5B (SDCM/PRN 125)  
1 38977U 12061A   17009.68714336 -.00000140  00000-0  00000+0 0  9994
2 38977   0.0000  75.6377 0003544 211.9370  52.8584  1.00274039 15620
ASTRA 5B (EGNOS/PRN 123)
1 39617U 14011B   17009.79839779  .00000147  00000-0  00000+0 0  9990
2 39617   0.0000  40.2928 0002843 250.5786 137.5595  1.00273218 10326
LUCH 5V (SDCM/PRN 141)  
1 39727U 14023A   17009.73069479 -.00000272  00000-0  00000+0 0  9991
2 39727   0.0000 299.4161 0003831   4.5975 163.1857  1.00274027527979
GSAT-15 (GAGAN/PRN 139) 
1 41028U 15065A   17009.43702359 -.00000264  00000-0  00000+0 0  9994
2 41028   0.0000  91.3994 0002842 187.8173  80.7383  1.00270748  4318
