AOR-E (EGNOS/PRN 120)   
1 24307U 96053A   17144.06485323 -.00000128  00000-0  00000-0 0  9999
2 24307   2.5801  77.8268 0006003 326.6905 205.1965  1.00271880 75829
ARTEMIS (EGNOS/PRN 124) 
1 26863U 01029A   17143.07601392 -.00000372  00000-0  00000-0 0  9994
2 26863  12.7067  33.3254 0002005  62.7996 295.0947  1.00269130 10937
CRE (WAAS/PRN 138)      
1 28868U 05036A   17144.52903850 -.00000079  00000-0  00000-0 0  9992
2 28868   0.0559  88.0013 0002877 331.3884 266.0880  1.00272011 42951
CRW (WAAS/PRN 135)      
1 28884U 05041A   17144.51346542  .00000074  00000-0  00000-0 0  9998
2 28884   0.0212 314.4462 0001159 101.1269 238.5762  1.00273741 42551
IOR-W (EGNOS/PRN 126)   
1 28899U 05044A   17144.18128763  .00000005  00000-0  00000-0 0  9997
2 28899   2.5687  11.5530 0002343  56.8410 302.7340  1.00272377 42326
MTSAT-2 (MSAS/PRN 137)  
1 28937U 06004A   17144.37749288 -.00000247  00000-0  00000-0 0  9998
2 28937   0.0012 116.1222 0003699 315.6381  91.3404  1.00272935 41288
AMR (WAAS/PRN 133)      
1 33278U 08039A   17143.54286785 -.00000143  00000-0  00000-0 0  9993
2 33278   3.0224   1.2588 0002782  61.4036 276.1180  1.00272037 32056
QZS-1 (QZSS/PRN 183)    
1 37158U 10045A   17144.47312350 -.00000073  00000-0  00000-0 0  9997
2 37158  40.8343 159.6668 0752271 270.1329 119.4033  1.00286463 24521
GSAT-8 (GAGAN/PRN 127)  
1 37605U 11022A   17144.59500929  .00000080  00000-0  00000-0 0  9991
2 37605   0.0654  94.6738 0003575 206.2395 210.7121  1.00269972 20026
LUCH 5A (SDCM/PRN 140)  
1 37951U 11074B   17144.44768343 -.00000047  00000-0  00000-0 0  9996
2 37951   1.5567 182.5505 0002920 228.8346 159.1045  1.00267970 19998
SES-5 (EGNOS/PRN 136)   
1 38652U 12036A   17143.54285424  .00000031  00000-0  00000-0 0  9990
2 38652   0.0384 273.4107 0001580 153.7683  14.5703  1.00273367 17863
GSAT-10 (GAGAN/PRN 128) 
1 38779U 12051B   17144.09761321 -.00000169  00000-0  00000-0 0  9996
2 38779   0.1401  98.0013 0002428 333.6601 288.3767  1.00272053 16920
LUCH 5B (SDCM/PRN 125)  
1 38977U 12061A   17144.31179544 -.00000135  00000-0  00000-0 0  9995
2 38977   3.4949  74.6521 0003671 327.3661 296.0511  1.00271686 16973
ASTRA 5B (EGNOS/PRN 123)
1 39617U 14011B   17144.52271583  .00000149  00000-0  00000-0 0  9997
2 39617   0.0365 334.2698 0003191  88.3416  39.3660  1.00269733 11483
LUCH 5V (SDCM/PRN 141)  
1 39727U 14023A   17144.47914866 -.00000274  00000-0  00000-0 0  9994
2 39727   2.7518 299.0427 0002674 132.3882  78.0314  1.00268526529326
GSAT-15 (GAGAN/PRN 139) 
1 41028U 15065A   17143.07131311 -.00000261  00000-0  00000-0 0  9995
2 41028   0.0072  16.6821 0002296  33.7341 309.6171  1.00271865  5653
