AOR-E (EGNOS/PRN 120)   
1 24307U 96053A   14095.19975250 -.00000144  00000-0  10000-3 0  1510
2 24307   0.0000  85.5848 0005805 280.8591 243.3754  1.00271404 64369
ARTEMIS (EGNOS/PRN 124) 
1 26863U 01029A   14094.25557752  .00000098  00000-0  10000-3 0  6991
2 26863   0.0000  46.2346 0003008 326.0168 293.6294  1.00272221 47721
MTSAT-1R (MSAS/PRN 129) 
1 28622U 05006A   14094.60837264 -.00000303  00000-0  10000-3 0   919
2 28622   0.0000 329.7768 0000716  56.7564 165.3476  1.00271748 33324
CRE (WAAS/PRN 138)      
1 28868U 05036A   14095.36911392 -.00000096  00000-0  00000+0 0  4731
2 28868   0.0000  87.4674 0002917 288.0974 203.5902  1.00272260 31476
CRW (WAAS/PRN 135)      
1 28884U 05041A   14093.58370450  .00000055  00000-0  00000+0 0  7109
2 28884   0.0000  89.2213 0000707 257.1750 282.5150  1.00272067 31024
IOR-W (EGNOS/PRN 126)   
1 28899U 05044A   14094.85615568  .00000115  00000-0  10000-3 0  2175
2 28899   0.0000 354.7078 0002261  13.5014 158.1529  1.00273355 30828
MTSAT-2 (MSAS/PRN 137)  
1 28937U 06004A   14092.66756561 -.00000267  00000-0  00000+0 0  6146
2 28937   0.0000 269.6548 0003709  97.5472 209.0581  1.00273319 29781
AMR (WAAS/PRN 133)      
1 33278U 08039A   14093.14718338 -.00000166  00000-0  10000-3 0  6530
2 33278   0.0000 349.8662 0002798  15.7521 141.0932  1.00271179 20624
QZS-1 (QZSS/PRN 183)    
1 37158U 10045A   14092.53080808 -.00000217  00000-0  00000+0 0  7675
2 37158  40.5983 176.4075 0755339 270.0317  71.2611  1.00253812 13023
GSAT-8 (GAGAN/PRN 127)  
1 37605U 11022A   14095.13141449  .00000063  00000-0  10000-3 0  7118
2 37605   0.0000 124.0698 0005725 164.0673   7.5749  1.00273396 10567
LUCH 5A (SDCM/PRN 140)  
1 37951U 11074B   14095.58373030 -.00000071  00000-0  00000+0 0  6126
2 37951   0.0000 251.5856 0000434  55.3051 264.0289  1.00268836  8503
SES-5 (EGNOS/PRN 136)   
1 38652U 12036A   14095.21224854  .00000012  00000-0  10000-3 0  4074
2 38652   0.0000 267.0731 0001042 101.2646 266.4553  1.00272373  6387
GSAT-10 (GAGAN/PRN 128) 
1 38779U 12051B   14095.02719962 -.00000186  00000-0  10000-3 0  3813
2 38779   0.0000 179.2389 0006068 296.4165 170.3609  1.00271165  5602
LUCH 5B (SDCM/PRN 125)  
1 38977U 12061A   14095.19975250 -.00000149  00000-0  00000+0 0  4372
2 38977   0.0000  88.4869 0001467 331.9364 188.6869  1.00271167  5495
