SKYSAT-1                
1 39418U 13066C   17108.84790629  .00000845  00000-0  75338-4 0  9990
2 39418  97.6991 192.7352 0023055 122.1780 238.1684 14.98433411186198
SKYSAT-2                
1 40072U 14037D   17108.87834915  .00000150  00000-0  26733-4 0  9991
2 40072  98.3283 217.6715 0005465 241.9766 118.0885 14.80970381150202
SKYSAT-C1               
1 41601U 16040C   17108.96095297  .00001406  00000-0  64515-4 0  9993
2 41601  97.5618 173.8992 0001504 112.3954 247.7440 15.22118068 45735
SKYSAT-C4               
1 41771U 16058B   17108.82888653  .00000752  00000-0  35856-4 0  9990
2 41771  97.3968 182.7186 0002228  44.7943 315.3477 15.22107962 32653
SKYSAT-C5               
1 41772U 16058C   17108.77346941  .00000796  00000-0  37713-4 0  9996
2 41772  97.3956 182.4739 0002381   9.3709 350.7571 15.22172442 32630
SKYSAT-C2               
1 41773U 16058D   17108.80170788  .00000790  00000-0  37420-4 0  9994
2 41773  97.3974 182.7573 0001523 105.7113 254.4293 15.22197748 32645
SKYSAT-C3               
1 41774U 16058E   17108.94525988  .00000749  00000-0  35604-4 0  9992
2 41774  97.3982 182.8716 0000681  78.6411 281.4903 15.22210953 32662