BEIDOU G1               
1 36287U 10001A   16075.55232816 -.00000314  00000-0  10000-3 0  9992
2 36287   1.5859  11.3583 0002833 210.9378 290.0254  1.00265922 22613
BEIDOU G3               
1 36590U 10024A   16074.46010778 -.00000383  00000-0  00000+0 0  9995
2 36590   1.5071  31.3906 0003348 283.3793 133.8702  1.00274299 21218
BEIDOU IGSO 1           
1 36828U 10036A   16075.59887083 -.00000168  00000-0  10000-3 0  9994
2 36828  54.2504 198.0346 0043738 214.1513  96.8481  1.00262685 20651
BEIDOU G4               
1 37210U 10057A   16075.46557513 -.00000142  00000-0  00000+0 0  9998
2 37210   0.9575  50.5268 0005885 185.6699 264.8526  1.00270332 19727
BEIDOU IGSO 2           
1 37256U 10068A   16074.81603962 -.00000227  00000-0  10000-3 0  9997
2 37256  53.6901 316.5996 0039788 206.1110  63.6408  1.00269335 19235
BEIDOU IGSO 3           
1 37384U 11013A   16074.90587498 -.00000154  00000-0  10000-3 0  9994
2 37384  57.2637  77.7563 0026642 203.5336 338.2356  1.00290457 18113
BEIDOU IGSO 4           
1 37763U 11038A   16074.71167500 -.00000094  00000-0  10000-3 0  9992
2 37763  54.5604 200.3291 0036227 201.4545 120.7833  1.00257556 17070
BEIDOU IGSO 5           
1 37948U 11073A   16075.40750105 -.00000169  00000-0  10000-3 0  9995
2 37948  53.7820 316.0478 0036018 203.2330 256.1025  1.00277286 15840
BEIDOU G5               
1 38091U 12008A   16075.03695005  .00000029  00000-0  00000+0 0  9999
2 38091   1.4966  44.9603 0002207 214.0226 346.1011  1.00267013 14914
BEIDOU M3               
1 38250U 12018A   16074.62744553 -.00000013  00000-0  10000-3 0  9993
2 38250  55.9379  69.5789 0024037 219.8075 346.0861  1.86233281 26516
BEIDOU M4               
1 38251U 12018B   16075.04308789 -.00000012  00000-0  10000-3 0  9997
2 38251  55.8747  69.0230 0026243 213.1778 318.6446  1.86234083 26525
BEIDOU M6               
1 38775U 12050B   16075.42181212 -.00000023  00000-0  00000+0 0  9993
2 38775  54.8381 188.7769 0019325 221.0489  39.4732  1.86233091 23908
BEIDOU G6               
1 38953U 12059A   16075.47832028 -.00000166  00000-0  10000-3 0  9996
2 38953   0.7250  76.6205 0002495 221.6022 127.4945  1.00271734 12498
BEIDOU I1-S             
1 40549U 15019A   16075.41263878 -.00000201  00000-0  00000+0 0  9999
2 40549  54.7729 339.0027 0040288 180.5410 258.9310  1.00282090  3523
BEIDOU-3 M1             
1 40748U 15037A   16074.64244775 -.00000016  00000-0  00000+0 0  9993
2 40748  55.1405  69.2851 0009639 269.1176 259.1747  1.86229657  4347
BEIDOU-3 M2             
1 40749U 15037B   16075.45735762 -.00000013  00000-0  00000+0 0  9992
2 40749  55.1433  69.2423 0010325 276.6968 215.1243  1.86237362  4356
BEIDOU I2-S             
1 40938U 15053A   16075.38544494 -.00000142  00000-0  00000+0 0  9995
2 40938  54.8174 301.8493 0043439 164.8764 301.6734  1.00262696  1807
BEIDOU M3-S             
1 41315U 16006A   16075.34861602 -.00000021  00000-0  00000+0 0  9999
2 41315  55.0232 188.9330 0001532 285.0111 150.5381  1.86235352   844
