COSMOS 2413 (712)       
1 28509U 04053B   16073.60185484  .00000019  00000-0  00000+0 0  9998
2 28509  63.1304 193.5024 0005414 168.0260  75.6558  2.13101702 87260
COSMOS 2419 (714)       
1 28915U 05050A   16074.49436216  .00000022  00000-0  00000+0 0  9991
2 28915  65.2802  81.3605 0016628 343.6698 225.5745  2.13109286 79531
COSMOS 2425 (716)       
1 29670U 06062A   16075.35426560 -.00000045  00000-0  10000-3 0  9992
2 29670  65.6717 320.3091 0023334 347.7895 221.7571  2.13105021 71754
COSMOS 2426 (717)       
1 29671U 06062B   16074.85936873 -.00000045  00000-0  10000-3 0  9990
2 29671  65.6891 320.4052 0015097 161.9036 249.5634  2.13103114 71755
COSMOS 2424 (715)       
1 29672U 06062C   16075.14190652 -.00000045  00000-0  10000-3 0  9991
2 29672  65.6737 320.3266 0014611 160.7988 283.9782  2.13102178 71750
COSMOS 2433 (720)       
1 32275U 07052A   16075.43270296  .00000027  00000-0  10000-3 0  9998
2 32275  65.2965  81.0977 0005113 275.4837 186.1612  2.13105028 65279
COSMOS 2432 (719)       
1 32276U 07052B   16075.11257144  .00000026  00000-0  10000-3 0  9990
2 32276  65.3081  81.1726 0013674 328.6297 201.4281  2.13104296 65263
COSMOS 2434 (721)       
1 32393U 07065A   16075.37038929 -.00000045  00000-0  00000+0 0  9997
2 32393  65.2904 319.6765 0004028  81.1756 225.4173  2.13102837 63973
COSMOS 2436 (723)       
1 32395U 07065C   16074.64909514 -.00000044  00000-0  10000-3 0  9999
2 32395  65.3039 319.7417 0018963 355.3332 209.9120  2.13102935 63898
COSMOS 2443 (725)       
1 33379U 08046B   16075.42239456  .00000027  00000-0  10000-3 0  9990
2 33379  65.2247  80.5240 0017432 193.7627 166.2059  2.13101528 58144
COSMOS 2456 (730)       
1 36111U 09070A   16075.15054416  .00000009  00000-0  00000+0 0  9991
2 36111  64.1858 199.2850 0003554 334.3316 332.7097  2.13102907 48637
COSMOS 2457 (733)       
1 36112U 09070B   16075.43162256  .00000005  00000-0  00000+0 0  9991
2 36112  64.1674 199.2045 0007125 153.1899 140.1934  2.13101592 48642
COSMOS 2458 (734)       
1 36113U 09070C   16075.06041257  .00000010  00000-0  10000-3 0  9999
2 36113  64.1733 199.2220 0002214  53.5187   2.4334  2.13102101 48642
COSMOS 2459 (731)       
1 36400U 10007A   16075.13948396  .00000025  00000-0  10000-3 0  9994
2 36400  65.2035  80.2704 0029527 348.2806 114.5722  2.13102412 46999
COSMOS 2461 (735)       
1 36401U 10007B   16074.69891701  .00000023  00000-0  10000-3 0  9990
2 36401  65.1965  80.2676 0004209  49.8247 345.5849  2.13102398 46980
COSMOS 2460 (732)       
1 36402U 10007C   16074.73369030  .00000023  00000-0  10000-3 0  9991
2 36402  65.1866  80.2446 0002668 288.2501 175.8774  2.13102010 46987
COSMOS 2466 (738)       
1 37137U 10041A   16074.46225234 -.00000044  00000-0  10000-3 0  9996
2 37137  64.8741 319.8559 0018346 153.7860  40.6120  2.13111028 43059
COSMOS 2465 (737)       
1 37138U 10041B   16075.14012828 -.00000046  00000-0  00000+0 0  9993
2 37138  64.8911 319.9048 0033005 167.6425   8.3260  2.13101170 43067
COSMOS 2464 (736)       
1 37139U 10041C   16074.62160186 -.00000045  00000-0  00000+0 0  9996
2 37139  64.8983 319.9172 0024739  12.8751 306.9390  2.13102262 43055
COSMOS 2471 (701K)      
1 37372U 11009A   16075.45704914  .00000027  00000-0  00000+0 0  9994
2 37372  65.1844  80.1695 0009185 244.7697 186.5800  2.13102969 39275
COSMOS 2474 (742)       
1 37829U 11055A   16075.15337861  .00000010  00000-0  00000+0 0  9994
2 37829  64.5103 199.6586 0006612 248.8175 282.2231  2.13101925 34634
COSMOS 2476 (744)       
1 37867U 11064A   16075.43653453  .00000006  00000-0  00000+0 0  9990
2 37867  64.4898 199.7324 0015539 245.5629 188.4974  2.13102054 33996
COSMOS 2477 (745)       
1 37868U 11064B   16074.77071447  .00000015  00000-0  00000+0 0  9994
2 37868  64.4987 199.7942 0013440 246.4872 216.1474  2.13101894 33930
COSMOS 2475 (743)       
1 37869U 11064C   16075.19172819  .00000010  00000-0  00000+0 0  9992
2 37869  64.5063 199.7674 0019008 276.6262 105.0807  2.13101994 33952
COSMOS 2478 (746)       
1 37938U 11071A   16075.42446677  .00000027  00000-0  00000+0 0  9997
2 37938  65.2121  80.3896 0014792 245.0824 278.9930  2.13088572 33562
COSMOS 2485 (747)       
1 39155U 13019A   16074.75855100  .00000016  00000-0  00000+0 0  9992
2 39155  64.6594 199.6849 0015771 239.4703  79.6369  2.13102054 22444
COSMOS 2492 (754)       
1 39620U 14012A   16075.01658051  .00000024  00000-0  10000-3 0  9993
2 39620  65.0755  80.2365 0017317 326.7787 223.1991  2.13103602 15408
COSMOS 2500 (755)       
1 40001U 14032A   16075.39710060  .00000026  00000-0  00000+0 0  9997
2 40001  65.0162  80.2549 0006995 228.1030 117.6976  2.13103054 13628
COSMOS 2501 (702K)      
1 40315U 14075A   16074.81159282 -.00000048  00000-0  00000+0 0  9996
2 40315  64.6625 321.3959 0016384 239.5227 178.7796  2.13101494 10021
COSMOS 2514 (751)       
1 41330U 16008A   16075.14662662  .00000024  00000-0  00000+0 0  9993
2 41330  64.8158  80.5231 0010369 229.9095 102.5265  2.13103549   783
