NOAA 15                 
1 25338U 98030A   16074.55045209  .00000066  00000-0  46662-4 0  9999
2 25338  98.7834  78.5115 0011750 100.1060 260.1445 14.25709775927503
NOAA 18                 
1 28654U 05018A   16074.55339314  .00000021  00000-0  36934-4 0  9992
2 28654  99.1982  79.0219 0013328 280.9892  78.9779 14.12273347557376
METOP-A                 
1 29499U 06044A   16074.86839617  .00000038  00000-0  37557-4 0  9995
2 29499  98.7075 135.1800 0002188  77.2110 342.3352 14.21480500487888
NOAA 19                 
1 33591U 09005A   16074.49297617  .00000123  00000-0  91611-4 0  9996
2 33591  99.0291  30.5472 0014806 123.2249 237.0344 14.12050476365777
METOP-B                 
1 38771U 12049A   16075.18765564  .00000042  00000-0  38945-4 0  9992
2 38771  98.6585 135.6006 0001803 109.1614 315.9682 14.21509317181067
SARAL                   
1 39086U 13009A   16075.19762747  .00000034  00000-0  28746-4 0  9999
2 39086  98.5417 263.9210 0000412 131.8443 228.2776 14.32255876159413
