BEIJING 1               
1 28890U 05043A   16075.52214767  .00000181  00000-0  45544-4 0  9998
2 28890  97.8278 248.9665 0015978 153.0464 207.1586 14.61099617553447
HJ-1A                   
1 33320U 08041A   16075.50679990  .00000631  00000-0  97464-4 0  9992
2 33320  97.9934 140.3260 0027652  64.9851 295.4226 14.76533163405092
HJ-1B                   
1 33321U 08041B   16075.53397792  .00000658  00000-0  10073-3 0  9992
2 33321  97.9974 141.2574 0036394  79.8937 280.6378 14.76589890405089
YAOGAN 4                
1 33446U 08061A   16075.50951943  .00000533  00000-0  83551-4 0  9997
2 33446  97.5947  93.9296 0016581   1.5037 358.6218 14.76267545392349
DEIMOS-1                
1 35681U 09041A   16075.51517301  .00000202  00000-0  40471-4 0  9993
2 35681  98.0021 330.8630 0002071  38.0516 322.0843 14.71541179355680
UK-DMC 2                
1 35683U 09041C   16075.55089071  .00000267  00000-0  51408-4 0  9990
2 35683  97.8982 323.9302 0001658  84.3918 275.7492 14.70853523355585
RISAT 1                 
1 38248U 12017A   16075.55612520  .00000950  00000-0  64092-4 0  9990
2 38248  97.5637  83.5398 0005210 152.6277   3.6787 15.08969119214072
DMC3-FM1                
1 40715U 15032A   16075.52406714  .00000221  00000-0  41672-4 0  9995
2 40715  98.0909 327.7244 0016596 159.7742 200.4123 14.73691410 36642
DMC3-FM2                
1 40716U 15032B   16075.54788937  .00000202  00000-0  38733-4 0  9991
2 40716  98.0920 327.7266 0013713 167.4631 192.6923 14.73684602 36657
DMC3-FM3                
1 40717U 15032C   16075.56935113  .00000201  00000-0  38573-4 0  9995
2 40717  98.0888 328.6453 0017704 161.5585 198.6270 14.73710290 36650
