SCD 1                   
1 22490U 93009B   16074.95330053  .00000338  00000-0  43625-4 0  9992
2 22490  24.9691 251.7366 0043098 167.1728 327.2073 14.44424206219137
TECHSAT 1B (GO-32)      
1 25397U 98043D   16075.45110427  .00000042  00000-0  37272-4 0  9994
2 25397  98.5576  22.8744 0000278 193.6931 166.4241 14.23587005918528
SCD 2                   
1 25504U 98060A   16075.22720994  .00000316  00000-0  38825-4 0  9993
2 25504  24.9957  90.3256 0017085 210.3715 230.4041 14.43952312918533
LANDSAT 7               
1 25682U 99020A   16075.34434263  .00000083  00000-0  28432-4 0  9995
2 25682  98.2207 146.9787 0000771  35.3484 324.7758 14.57104283899778
DLR-TUBSAT              
1 25757U 99029B   16075.27770252  .00000083  00000-0  32487-4 0  9995
2 25757  98.4335 340.4358 0013315 263.6562  96.3114 14.51321996889909
QUIKSCAT                
1 25789U 99034A   16074.65068212  .00000005  00000-0  19999-4 0  9990
2 25789  98.6092 264.4379 0000513  42.9370 317.1851 14.27241130871643
IKONOS 2                
1 25919U 99051A   16075.51074133  .00000338  00000-0  44413-4 0  9997
2 25919  98.0566 161.5117 0007157 207.3231 152.7614 14.86743508881382
TERRA                   
1 25994U 99068A   16075.56101497 -.00001629  00000-0 -35173-3 0  9995
2 25994  98.2149 151.1435 0001506  87.7880 272.3531 14.57096865863881
EO-1                    
1 26619U 00075A   16075.54112908  .00000650  00000-0  13187-3 0  9999
2 26619  97.8917 119.1376 0011158 117.4043 242.8305 14.64226347816414
EROS A1                 
1 26631U 00079A   16075.49795317  .00116812  00000-0  99368-3 0  9995
2 26631  97.5409 183.9537 0004019 213.2232 210.3337 15.69221628848741
BADR-B                  
1 27003U 01056C   16075.40458817 -.00000013  00000-0  33566-4 0  9992
2 27003  99.2795 224.1794 0021159  88.0051 272.3519 13.70214293713275
MAROC-TUBSAT            
1 27004U 01056D   16074.90097433 -.00000015  00000-0  31089-4 0  9990
2 27004  99.2849 223.1367 0020742  91.2847  22.4647 13.70113237713156
SPOT 5                  
1 27421U 02021A   16075.55641049  .00000201  00000-0  56684-4 0  9990
2 27421  98.4682 130.6817 0134350 291.6228  67.0701 14.51776662719123
AQUA                    
1 27424U 02022A   16075.53348316  .00000403  00000-0  99527-4 0  9990
2 27424  98.2168  17.5168 0001662  83.7984  28.2961 14.57100493737488
IRS-P6 (RESOURCESAT-1)  
1 28051U 03046A   16075.46207234  .00000081  00000-0  56844-4 0  9996
2 28051  98.6651 154.3842 0003270 203.1679 156.9355 14.21651266644103
TANSUO 1 (TS 1)         
1 28220U 04012A   16075.47469976  .00002182  00000-0  18742-3 0  9990
2 28220  97.6354  33.1653 0009314 244.1892 115.8370 14.98448865647715
FORMOSAT-2 (ROCSAT 2)   
1 28254U 04018A   16075.43111616  .00000106  00000-0  10000-3 0  9997
2 28254  98.9481 140.7070 0000987  92.4379   1.9303 14.00758198604378
AURA                    
1 28376U 04026A   16074.48755065  .00000368  00000-0  91690-4 0  9992
2 28376  98.2168  18.6412 0001269  77.6846 282.4494 14.57107452620377
IRS-P5 (CARTOSAT-1)     
1 28649U 05017A   16075.41394092 -.00000670  00000-0 -75121-4 0  9998
2 28649  97.9052 149.6878 0003853 105.5714 254.5844 14.83426832587966
SINAH 1                 
1 28893U 05043D   16074.52526501  .00000265  00000-0  62354-4 0  9993
2 28893  97.8298 249.9908 0015821 158.5411 201.6457 14.61344683553310
EROS B                  
1 29079U 06014A   16075.51903045  .00008055  00000-0  37794-3 0  9995
2 29079  97.4832 194.9041 0008513 185.7577 239.2501 15.19890320548352
RESURS-DK 1             
1 29228U 06021A   16075.52720556  .00000790  00000-0  67890-4 0  9993
2 29228  69.9371 184.7442 0006790 300.9600  59.0872 15.01828189539236
ARIRANG-2 (KOMPSAT-2)   
1 29268U 06031A   16075.55772170  .00000334  00000-0  75754-4 0  9992
2 29268  98.1398 336.5642 0018544   7.9793 352.1711 14.62118346513974
LAPAN-TUBSAT            
1 29709U 07001A   16075.41067257  .00000284  00000-0  42167-4 0  9994
2 29709  97.6524  62.9223 0013469 148.5359 211.6682 14.81929614496037
CARTOSAT-2 (IRS-P7)     
1 29710U 07001B   16075.52222545  .00000113  00000-0  22545-4 0  9990
2 29710  97.9857 135.6922 0002097 137.5178 222.6200 14.78654123495412
HAIYANG-1B              
1 31113U 07010A   16075.53568483  .00000142  00000-0  71935-4 0  9994
2 31113  98.6230 130.4169 0014947 111.0705 249.2083 14.30116877465914
COSMO-SKYMED 1          
1 31598U 07023A   16075.50850936 -.00000000  00000-0  65141-5 0  9996
2 31598  97.8778 260.3911 0001380  79.2503 280.8852 14.82161180474509
TERRASAR-X              
1 31698U 07026A   16075.48947516 -.00000627  00000-0 -26658-4 0  9993
2 31698  97.4471  83.6834 0001854  63.6935  95.1718 15.19145765485230
WORLDVIEW-1 (WV-1)      
1 32060U 07041A   16075.48185757  .00004146  00000-0  17298-3 0  9992
2 32060  97.8660 188.8375 0001717  13.0842  59.4094 15.24280289472378
YAOGAN 3                
1 32289U 07055A   16075.54586292  .00000086  00000-0  18081-4 0  9997
2 32289  97.9830  73.1352 0001500  67.0475 293.0910 14.80688723450862
COSMO-SKYMED 2          
1 32376U 07059A   16075.54226856  .00000265  00000-0  39873-4 0  9996
2 32376  97.8775 260.4247 0001477  86.2303 273.9108 14.82156812447252
RADARSAT-2              
1 32382U 07061A   16075.59092365  .00000026  00000-0  27088-4 0  9997
2 32382  98.5777  83.8678 0001211  72.8490  34.6653 14.29985000430752
CARTOSAT-2A             
1 32783U 08021A   16075.49954559  .00000194  00000-0  33546-4 0  9992
2 32783  97.9866 135.6827 0013015   9.8377 350.3085 14.78662509425357
IMS-1                   
1 32786U 08021D   16075.55744418  .00001052  00000-0  13170-3 0  9997
2 32786  97.6283 104.3798 0010548 283.7390  76.2651 14.84230157426021
JASON 2 (OSTM)          
1 33105U 08032A   16074.56851222 -.00000039  00000-0  97267-4 0  9992
2 33105  66.0445 356.4355 0007841 274.5798 250.9984 12.80930117361720
RAPIDEYE 2              
1 33312U 08040A   16075.52444954  .00000324  00000-0  49757-4 0  9995
2 33312  97.8546 161.4895 0013868  47.1243 313.1132 14.79890369407533
RAPIDEYE 5              
1 33313U 08040B   16075.41271077  .00000348  00000-0  52954-4 0  9997
2 33313  97.8418 159.2826 0015016 276.7965  83.1536 14.79887077407465
RAPIDEYE 1              
1 33314U 08040C   16075.53623615  .00000382  00000-0  57212-4 0  9990
2 33314  97.8501 161.1469 0025495  57.3483 303.0185 14.79889697407525
RAPIDEYE 3              
1 33315U 08040D   16075.43812438  .00000322  00000-0  49498-4 0  9994
2 33315  97.8390 158.9707 0011744 359.6410   0.4789 14.79895193407471
RAPIDEYE 4              
1 33316U 08040E   16075.42449605  .00000330  00000-0  50568-4 0  9995
2 33316  97.8373 158.5269 0009968 300.7755  59.2474 14.79889003407461
HUANJING 1A (HJ-1A)     
1 33320U 08041A   16075.50679990  .00000631  00000-0  97464-4 0  9992
2 33320  97.9934 140.3260 0027652  64.9851 295.4226 14.76533163405092
HUANJING 1B (HJ-1B)     
1 33321U 08041B   16075.53397792  .00000658  00000-0  10073-3 0  9992
2 33321  97.9974 141.2574 0036394  79.8937 280.6378 14.76589890405089
GEOEYE 1                
1 33331U 08042A   16075.42156054  .00000171  00000-0  41378-4 0  9999
2 33331  98.0763 150.9884 0008114 267.3956  92.6323 14.64207756401973
THEOS                   
1 33396U 08049A   16075.54747266  .00000128  00000-0  80951-4 0  9993
2 33396  98.7320 144.0614 0001063  89.5383  46.8798 14.20025186386380
COSMO-SKYMED 3          
1 33412U 08054A   16075.52959946 -.00000059  00000-0 -85212-6 0  9998
2 33412  97.8791 260.4121 0001613  93.6181 266.5222 14.82163538399716
YAOGAN 4                
1 33446U 08061A   16075.50951943  .00000533  00000-0  83551-4 0  9997
2 33446  97.5947  93.9296 0016581   1.5037 358.6218 14.76267545392349
GOSAT (IBUKI)           
1 33492U 09002A   16075.49788279 -.00000156  00000-0 -19098-4 0  9990
2 33492  98.0881 185.8555 0001039  77.5166 282.6190 14.67535524382552
YAOGAN 6                
1 34839U 09021A   16075.56086509  .00002677  00000-0  11004-3 0  9998
2 34839  97.2070 138.8743 0030847 143.0313 357.0599 15.24579775382682
DEIMOS-1                
1 35681U 09041A   16075.51517301  .00000202  00000-0  40471-4 0  9993
2 35681  98.0021 330.8630 0002071  38.0516 322.0843 14.71541179355680
DUBAISAT-1              
1 35682U 09041B   16075.52113506  .00000289  00000-0  58012-4 0  9999
2 35682  97.8626 309.5370 0011669 171.3347 188.8073 14.68418754354892
OCEANSAT 2              
1 35931U 09051A   16075.40527792  .00000306  00000-0  88839-4 0  9990
2 35931  98.3133 169.5246 0003080 137.2291 222.9143 14.50848201342936
WORLDVIEW-2 (WV-2)      
1 35946U 09055A   16075.52928026  .00000052  00000-0  31655-4 0  9990
2 35946  98.4807 149.6589 0000923  61.2796 298.8480 14.37711827337601
SMOS                    
1 36036U 09059A   16074.50710979  .00000117  00000-0  51140-4 0  9991
2 36036  98.4446 262.7470 0001267 102.9885 257.1445 14.39752746334468
YAOGAN 7                
1 36110U 09069A   16075.53694452  .00000300  00000-0  52016-4 0  9993
2 36110  98.1499 223.1627 0025072 137.1609 223.1567 14.75274599337269
TANDEM-X                
1 36605U 10030A   16075.00900384  .00012891  00000-0  61591-3 0  9993
2 36605  97.4443  83.2132 0001444 103.4209 309.4693 15.19156580317909
CARTOSAT 2B             
1 36795U 10035A   16075.46965477  .00000378  00000-0  58713-4 0  9992
2 36795  97.9855 135.6373 0015864  73.7332 286.5626 14.78634808306397
YAOGAN 10               
1 36834U 10038A   16075.50360428  .00000364  00000-0  54092-4 0  9990
2 36834  97.9075  71.6352 0001560  59.7424 300.3941 14.80674523302601
COSMO-SKYMED 4          
1 37216U 10060A   16075.55915017  .00000231  00000-0  35586-4 0  9995
2 37216  97.8786 260.4406 0001329  74.3106 285.8262 14.82161546289802
SAC-D                   
1 37673U 11024A   16074.66364985  .00000402  00000-0  71110-4 0  9999
2 37673  98.0125  82.7264 0000903 121.9906  13.3326 14.72476112255883
HAIYANG 2A              
1 37781U 11043A   16075.51247200 -.00000444  00000-0 -38989-3 0  9999
2 37781  99.3415  87.7363 0001507 105.8903 254.2395 13.79301030230778
RASAT                   
1 37791U 11044D   16075.49357074  .00000222  00000-0  50889-4 0  9995
2 37791  98.1476 166.2702 0023103 122.2457 238.0992 14.64502989244630
MEGHA-TROPIQUES         
1 37838U 11058A   16075.14809749  .00000344  00000-0  45253-4 0  9999
2 37838  19.9785  36.2072 0009971  70.3175 289.8305 14.09695613228257
SRMSAT                  
1 37841U 11058D   16075.17939223  .00000356  00000-0  50642-4 0  9998
2 37841  19.9730  25.7925 0011997  80.2698  42.3739 14.10529789228392
YAOGAN 13               
1 37941U 11072A   16075.53608692  .00003752  00000-0  18792-3 0  9990
2 37941  97.4666   3.0941 0002466 114.7961 353.9939 15.17992827238081
PLEIADES 1A             
1 38012U 11076F   16075.53530632  .00000199  00000-0  52610-4 0  9992
2 38012  98.1650 151.0804 0001160  80.2439 279.8892 14.58575229226001
ZIYUAN 1-02C (ZY 1-02C) 
1 38038U 11079A   16075.54102647  .00000153  00000-0  68023-4 0  9990
2 38038  98.3984 146.9521 0001672  70.9783 289.1587 14.35426469221709
ZIYUAN 3 (ZY 3)         
1 38046U 12001A   16075.47964300  .00003071  00000-0  14021-3 0  9999
2 38046  97.3365 148.8590 0003176 104.0124 312.4254 15.21330510232212
RISAT 1                 
1 38248U 12017A   16075.55612520  .00000950  00000-0  64092-4 0  9990
2 38248  97.5637  83.5398 0005210 152.6277   3.6787 15.08969119214072
ARIRANG-3 (KOMPSAT-3)   
1 38338U 12025B   16075.55738886  .00000292  00000-0  68569-4 0  9995
2 38338  98.1553  13.8429 0009646 335.4144  24.6588 14.61382202204192
KANOPUS-V 1             
1 38707U 12039A   16075.55555760 -.00019926  00000-0 -94050-3 0  9997
2 38707  97.4660 353.2237 0001748  82.8664  42.1181 15.19434437202392
SPOT 6                  
1 38755U 12047A   16075.55229019  .00000195  00000-0  51816-4 0  9994
2 38755  98.1943 143.9580 0001462  72.2633 287.8723 14.58570660187083
PLEIADES 1B             
1 39019U 12068A   16075.50118944  .00000194  00000-0  51469-4 0  9993
2 39019  98.1706 151.1133 0001318  82.5454 277.5896 14.58578423174857
GOKTURK 2               
1 39030U 12073A   16075.56771640  .00000217  00000-0  48679-4 0  9991
2 39030  98.0451 330.3665 0015050 131.9728 228.2759 14.65651442173185
LANDSAT 8               
1 39084U 13008A   16074.82775068  .00000146  00000-0  42445-4 0  9991
2 39084  98.1947 145.8997 0001173  94.3772 265.7561 14.57119849164160
SARAL                   
1 39086U 13009A   16075.19762747  .00000034  00000-0  28746-4 0  9999
2 39086  98.5417 263.9210 0000412 131.8443 228.2776 14.32255876159413
GAOFEN 1                
1 39150U 13018A   16075.52338406  .00000361  00000-0  59065-4 0  9990
2 39150  97.9801 159.3630 0019906  93.4669 266.8815 14.76509062155561
VNREDSAT 1              
1 39160U 13021B   16075.53122319  .00000326  00000-0  72828-4 0  9993
2 39160  98.1231 153.4866 0001474  72.9413 287.1952 14.62975396152543
ARIRANG-5 (KOMPSAT-5)   
1 39227U 13042A   16075.56296263 -.00000024  00000-0  26007-5 0  9998
2 39227  97.6014 261.7568 0001112  79.5047   4.8414 15.04522730140739
YAOGAN 18               
1 39363U 13059A   16075.40504778  .00003092  00000-0  15576-3 0  9997
2 39363  97.4426 146.9077 0001325  89.1107 332.0498 15.17911381131729
SKYSAT-1                
1 39418U 13066C   16075.47098443  .00000374  00000-0  36529-4 0  9992
2 39418  97.7330 157.5855 0023164  25.4398 334.7959 14.98052962126396
DUBAISAT-2              
1 39419U 13066D   16075.50604066  .00001403  00000-0  13944-3 0  9990
2 39419  97.7224 151.5154 0013964   3.1071 357.0235 14.93205385126044
GPM-CORE                
1 39574U 14009C   16075.18539072  .00014519  00000-0  21164-3 0  9993
2 39574  65.0130  40.7116 0007864 287.7831  72.2457 15.55900723116120
SENTINEL-1A             
1 39634U 14016A   16075.51575283 -.00000181  00000-0 -28611-4 0  9996
2 39634  98.1815  83.6940 0001309  79.0067 281.1283 14.59196978103807
KAZEOSAT 1              
1 39731U 14024A   16075.48464515  .00000110  00000-0  47062-4 0  9995
2 39731  98.4570 153.7488 0001257  73.5199 286.6129 14.41983768 98780
ALOS-2                  
1 39766U 14029A   16075.49666480 -.00000057  00000-0 -76181-6 0  9992
2 39766  97.9194 173.4214 0001717  90.8367 269.3041 14.79472212 97788
KAZEOSAT 2              
1 40010U 14033A   16075.56825293  .00000332  00000-0  48469-4 0  9998
2 40010  97.9323 336.5091 0016789 334.1565  25.8809 14.82080305 94012
HODOYOSHI-4             
1 40011U 14033B   16075.53164773  .00000591  00000-0  83579-4 0  9993
2 40011  97.9278 334.3109 0026500 323.6974  36.2427 14.80627526 93883
DEIMOS-2                
1 40013U 14033D   16075.56865269  .00000777  00000-0  98516-4 0  9999
2 40013  97.9177 337.6879 0002386  48.8767 311.2656 14.84561658 94153
HODOYOSHI-3             
1 40015U 14033F   16075.28066549  .00000573  00000-0  85874-4 0  9991
2 40015  97.9235 331.3154 0036488 323.1217  36.7485 14.77997980 93685
SPOT 7                  
1 40053U 14034A   16075.44859699 -.00000046  00000-0  00000+0 0  9997
2 40053  98.2093 143.5412 0001562  91.1462 268.9922 14.58554646 91008
SKYSAT-2                
1 40072U 14037D   16075.48495003  .00000558  00000-0  79790-4 0  9994
2 40072  98.3318 162.8842 0007801  83.8334 276.3761 14.80785003 91090
WORLDVIEW-3 (WV-3)      
1 40115U 14048A   16075.53986569  .00000602  00000-0  76817-4 0  9999
2 40115  97.9080 154.2836 0001491  60.5143 299.6222 14.85077974 86041
YAOGAN 21               
1 40143U 14053A   16075.55886209  .00004475  00000-0  18085-3 0  9992
2 40143  97.3563 151.9512 0012080  20.4988  86.2928 15.25188241 84513
YAOGAN 22               
1 40275U 14063A   16075.46995137 -.00000044  00000-0  00000+0 0  9993
2 40275 100.3681 191.4999 0006321  45.0246 315.1379 13.15306913 67334
ASNARO                  
1 40298U 14070A   16075.50402118  .00005105  00000-0  24292-3 0  9998
2 40298  97.4377 159.0331 0001448  75.0475  20.4353 15.19605082 75207
HODOYOSHI-1             
1 40299U 14070B   16075.52642159  .00003001  00000-0  13841-3 0  9993
2 40299  97.4333 158.6377 0012098 258.3739 196.7894 15.20968508 75199
CHUBUSAT-1              
1 40300U 14070C   16075.51294613  .00003142  00000-0  15082-3 0  9998
2 40300  97.4298 157.1166 0019767 264.8920 189.7844 15.19436474 75104
QSAT-EOS                
1 40301U 14070D   16075.53402200  .00006221  00000-0  28631-3 0  9999
2 40301  97.4245 156.3834 0028147 264.9810 191.0876 15.20326760 75076
TSUBAME                 
1 40302U 14070E   16075.52254044  .00003194  00000-0  17207-3 0  9993
2 40302  97.4208 153.2141 0039565 275.7357 180.0896 15.14863629 74875
YAOGAN 23               
1 40305U 14071A   16075.56363784  .00002793  00000-0  14127-3 0  9995
2 40305  97.3858  17.3064 0000815 108.5769 337.1895 15.17842470 73853
YAOGAN 24               
1 40310U 14072A   16075.38352400  .00000488  00000-0  76455-4 0  9997
2 40310  97.9541 194.6391 0018460 107.0635 253.2603 14.76934968 70992
CBERS-4                 
1 40336U 14079A   16075.55368027  .00000054  00000-0  33786-4 0  9992
2 40336  98.4976 152.1931 0001287  61.4666 298.6650 14.35446292 66615
RESURS P2               
1 40360U 14087A   16075.55469832  .00001890  00000-0  62109-4 0  9994
2 40360  97.2816 170.9478 0009584 191.8869 263.8119 15.32762684 68167
YAOGAN 26               
1 40362U 14088A   16075.49083426  .00005405  00000-0  21266-3 0  9995
2 40362  97.3925 154.1875 0003519  84.3823 333.1261 15.26052650 67788
SMAP                    
1 40376U 15003A   16075.44928513  .00000293  00000-0  65857-4 0  9993
2 40376  98.1237  83.8845 0000863  82.2629 277.8676 14.63372284 59809
KOMPSAT 3A              
1 40536U 15014A   16075.56933637  .00002739  00000-0  16220-3 0  9995
2 40536  97.5483  16.1280 0012643 128.4889 330.6955 15.12189394 53743
SENTINEL-2A             
1 40697U 15028A   16075.57809381  .00000089  00000-0  50788-4 0  9991
2 40697  98.5726 151.1035 0001246  95.3418 264.7917 14.30815156 38117
CARBONITE 1 (CBNT-1)    
1 40718U 15032D   16075.06188696  .00000175  00000-0  34040-4 0  9992
2 40718  98.0220 327.1008 0017038 166.6094 193.5581 14.74386935 36590
YAOGAN 27               
1 40878U 15040A   16075.47778080 -.00000045  00000-0  00000+0 0  9996
2 40878 100.4610 136.8349 0008874 172.4482 187.6765 13.15946688 26481
LAPAN-A2                
1 40931U 15052B   16075.25162327  .00001006  00000-0  51557-4 0  9991
2 40931   5.9983 264.8262 0012735 232.3347 127.5755 14.76438531 25028
YAOGAN 28               
1 41026U 15064A   16075.50261817  .00006077  00000-0  21078-3 0  9999
2 41026  97.2565 205.9637 0008840 156.6921 267.4820 15.30124672 19618
YAOGAN 29               
1 41038U 15069A   16075.50808856  .00000204  00000-0  33423-4 0  9991
2 41038  97.8523  60.3133 0000926  70.2681 289.8616 14.80282133 16222
JASON-3                 
1 41240U 16002A   16075.08007608  .00000169  00000-0  10000-2 0  9997
2 41240  66.0452 355.7120 0007894 270.8763  89.1301 12.80928906  7341
