TDRS 3                  
1 19548U 88091B   16075.37430779 -.00000318  00000-0  00000+0 0  9994
2 19548  14.7742  13.0325 0038636 307.5365 285.0882  1.00266119 87805
HST                     
1 20580U 90037B   16074.69046297  .00001485  00000-0  82249-4 0  9992
2 20580  28.4696 162.6956 0002543 273.4110 215.8762 15.08237065220832
TDRS 5                  
1 21639U 91054B   16075.20370373  .00000069  00000-0  00000+0 0  9998
2 21639  14.0214  26.4126 0026508 326.1473  86.4128  1.00279133 90142
TDRS 6                  
1 22314U 93003B   16075.17120161 -.00000311  00000-0  00000+0 0  9990
2 22314  13.5117  29.2736 0006994 296.0865 223.4190  1.00279772 84812
TDRS 7                  
1 23613U 95035B   16075.02413067 -.00000215  00000-0  00000+0 0  9997
2 23613  14.7376  20.1136 0023246  16.7574 229.4775  1.00267384 75587
ISS (ZARYA)             
1 25544U 98067A   16075.55878503  .00011776  00000-0  18493-3 0  9990
2 25544  51.6440 164.9776 0001358 294.4347 194.6927 15.54116071990414
LANDSAT 7               
1 25682U 99020A   16075.34434263  .00000083  00000-0  28432-4 0  9995
2 25682  98.2207 146.9787 0000771  35.3484 324.7758 14.57104283899778
TERRA                   
1 25994U 99068A   16075.56101497 -.00001629  00000-0 -35173-3 0  9995
2 25994  98.2149 151.1435 0001506  87.7880 272.3531 14.57096865863881
TDRS 8                  
1 26388U 00034A   16074.44001131 -.00000251  00000-0  00000+0 0  9994
2 26388   6.7006  60.0125 0004419 238.0024 122.0699  1.00271856 57606
EO-1                    
1 26619U 00075A   16075.54112908  .00000650  00000-0  13187-3 0  9999
2 26619  97.8917 119.1376 0011158 117.4043 242.8305 14.64226347816414
TIMED                   
1 26998U 01055B   16075.22182663  .00000587  00000-0  68507-4 0  9994
2 26998  74.0720 148.2585 0002491 282.8149  77.2753 14.87665162773227
TDRS 9                  
1 27389U 02011A   16074.80201981 -.00000123  00000-0  00000+0 0  9996
2 27389   4.3075  85.5942 0020744 234.2647 129.8448  1.00271750 52879
AQUA                    
1 27424U 02022A   16075.53348316  .00000403  00000-0  99527-4 0  9990
2 27424  98.2168  17.5168 0001662  83.7984  28.2961 14.57100493737488
TDRS 10                 
1 27566U 02055A   16074.17429311  .00000055  00000-0  00000+0 0  9993
2 27566   4.2277  60.4923 0010785 229.6274 130.4949  1.00268376 48653
SORCE                   
1 27651U 03004A   16075.24967909  .00001014  00000-0  12169-3 0  9991
2 27651  39.9968 358.5418 0024465 251.9890 107.8232 14.88263642712384
AURA                    
1 28376U 04026A   16074.48755065  .00000368  00000-0  91690-4 0  9992
2 28376  98.2168  18.6412 0001269  77.6846 282.4494 14.57107452620377
SWIFT                   
1 28485U 04047A   16074.41848736  .00002217  00000-0  12834-3 0  9994
2 28485  20.5571 107.2159 0011508 192.0070 168.0090 15.02935975618924
THEMIS A                
1 30580U 07004A   16073.25000000 -.00000000  00000-0  00000+0 0  9991
2 30580  11.5728 291.5130 8262845 338.6486 185.4308  0.97164178 33004
THEMIS D                
1 30797U 07004D   16075.80732003 -.00000649  00000-0 -16441+0 0  9995
2 30797   5.5396 279.7570 8270161 352.8493   0.0436  0.99954145 32882
THEMIS E                
1 30798U 07004E   16075.61706653 -.00000230  00000-0 -15818-1 0  9992
2 30798   7.1452 292.0012 8298922 341.4692   0.0712  1.00577475 33049
AIM                     
1 31304U 07015A   16075.17008871  .00005822  00000-0  35703-3 0  9993
2 31304  97.9556 228.0699 0004361 254.5811 105.4936 15.10552787485602
FGRST (GLAST)           
1 33053U 08029A   16073.62159553  .00001329  00000-0  61192-4 0  9994
2 33053  25.5825 257.1982 0012639 357.5238   2.5233 15.10497603427577
WISE                    
1 36119U 09071A   16075.51350243  .00003924  00000-0  15195-3 0  9991
2 36119  97.4888  96.4415 0004260 118.4092 241.7577 15.26766862346254
TDRS 11                 
1 39070U 13004A   16073.91190022  .00000067  00000-0  00000+0 0  9990
2 39070   5.9542 329.3491 0010047 287.9612  71.8638  1.00278856 11411
TDRS 12                 
1 39504U 14004A   16074.56975863 -.00000297  00000-0  00000+0 0  9995
2 39504   6.4314 336.8217 0001754 326.9317  33.0120  1.00276257  7881
GPM-CORE                
1 39574U 14009C   16075.18539072  .00014519  00000-0  21164-3 0  9993
2 39574  65.0130  40.7116 0007864 287.7831  72.2457 15.55900723116120
MMS 1                   
1 40482U 15011A   16073.80744811 -.00000155  00000-0  00000+0 0  9997
2 40482  28.6880 350.5058 8155810  86.1823 188.3100  1.00496513  3681
MMS 2                   
1 40483U 15011B   16074.41303322 -.00000143  00000-0  00000+0 0  9991
2 40483  28.6879 350.4316 8158409  86.2963  47.4099  1.00496795  3694
MMS 3                   
1 40484U 15011C   16073.94214734 -.00000152  00000-0  00000+0 0  9997
2 40484  28.6862 350.4912 8156597  86.1883 237.0934  1.00496704  3689
MMS 4                   
1 40485U 15011D   16073.87429544 -.00000153  00000-0  00000+0 0  9998
2 40485  28.6975 350.4936 8156783  86.1885 212.5242  1.00496686  3689
